,Open,High,Low,Close,Volume,Dividends,Stock Splits
2020-02-24,83.36,84.4,81.84,82.32,1437100,0.0,0.0
2020-02-25,82.51,83.01,77.44,77.72,1748600,0.0,0.0
2020-02-26,78.78,79.46,75.66,76.22,2473700,0.0,0.0
2020-02-27,74.51,77.26,73.88,74.78,3088200,0.0,0.0
2020-02-28,72.12,74.9,70.92,74.84,3582300,0.0,0.0
2020-03-02,74.83,75.52,72.23,75.47,3152600,0.0,0.0
2020-03-03,75.21,76.39,69.72,71.16,2853800,0.0,0.0
2020-03-04,72.26,73.15,69.87,72.53,1837900,0.0,0.0
2020-03-05,69.33,69.79,68.05,68.98,2639700,0.0,0.0
2020-03-06,66.85,67.8,65.1,66.21,2610500,0.0,0.0
2020-03-09,60.51,62.27,59.02,60.4,3275900,0.0,0.0
2020-03-10,63.37,64.36,60.42,63.41,2591800,0.0,0.0
2020-03-11,61.32,62.78,59.64,60.95,2440700,0.0,0.0
2020-03-12,56.07,59.77,54.27,54.29,3488100,0.7,0.0
2020-03-13,58.27,65.76,57.13,65.5,3534000,0.0,0.0
2020-03-16,55.2,60.89,53.17,53.59,2885200,0.0,0.0
2020-03-17,55.43,59.2,52.97,59.04,3567800,0.0,0.0
2020-03-18,55.49,60.12,54.5,57.0,2953900,0.0,0.0
2020-03-19,56.09,62.02,54.14,58.06,2586700,0.0,0.0
2020-03-20,58.19,59.75,55.12,55.6,2422900,0.0,0.0
2020-03-23,56.13,56.23,52.25,54.35,2312000,0.0,0.0
2020-03-24,56.98,60.5,56.96,60.17,1936800,0.0,0.0
2020-03-25,60.66,65.27,58.27,62.75,1827900,0.0,0.0
2020-03-26,63.36,65.37,62.49,64.89,1585800,0.0,0.0
2020-03-27,62.62,64.98,61.85,63.71,1582100,0.0,0.0
2020-03-30,63.65,65.62,62.07,65.27,1455500,0.0,0.0
2020-03-31,64.29,66.22,63.71,64.99,1585500,0.0,0.0
2020-04-01,61.36,63.65,60.82,62.87,1657900,0.0,0.0
2020-04-02,61.59,66.75,61.59,66.25,1883900,0.0,0.0
2020-04-03,65.44,67.15,64.22,66.34,1520200,0.0,0.0
2020-04-06,68.51,70.95,67.21,70.08,2238600,0.0,0.0
2020-04-07,73.24,74.19,70.89,71.14,2169000,0.0,0.0
2020-04-08,71.96,72.95,69.74,71.81,1742500,0.0,0.0
2020-04-09,73.1,74.48,71.91,73.11,2148000,0.0,0.0
2020-04-13,72.66,73.03,70.56,71.96,1136500,0.0,0.0
2020-04-14,73.96,74.07,71.01,71.82,1277000,0.0,0.0
2020-04-15,69.24,69.66,67.35,67.94,1567900,0.0,0.0
2020-04-16,68.06,69.53,66.48,67.14,1722000,0.0,0.0
2020-04-17,69.73,71.04,68.08,68.9,3483900,0.0,0.0
2020-04-20,67.94,69.68,67.33,68.32,2361600,0.0,0.0
2020-04-21,67.39,67.75,61.79,64.1,3134200,0.0,0.0
2020-04-22,65.8,66.39,64.4,65.6,1038200,0.0,0.0
2020-04-23,65.95,66.81,64.66,65.12,889700,0.0,0.0
2020-04-24,66.47,67.12,65.22,66.65,997300,0.0,0.0
2020-04-27,67.14,69.3,67.06,68.82,1079100,0.0,0.0
2020-04-28,70.48,71.3,68.94,69.01,927100,0.0,0.0
2020-04-29,70.9,71.52,70.19,70.66,1046300,0.0,0.0
2020-04-30,69.25,69.54,67.7,68.18,1089900,0.0,0.0
2020-05-01,66.26,67.16,64.02,65.0,1280500,0.0,0.0
2020-05-04,64.3,65.1,63.1,64.56,1033100,0.0,0.0
2020-05-05,65.35,65.38,62.91,62.93,1006300,0.0,0.0
2020-05-06,63.53,63.67,61.4,62.07,881400,0.0,0.0
2020-05-07,63.58,65.42,63.0,63.68,1048800,0.0,0.0
2020-05-08,65.07,65.57,64.09,65.45,1271900,0.0,0.0
2020-05-11,64.5,64.83,63.91,64.4,994900,0.0,0.0
2020-05-12,65.2,65.65,62.71,62.74,1180700,0.0,0.0
2020-05-13,61.76,62.21,59.68,60.5,1214800,0.0,0.0
2020-05-14,59.43,62.3,58.07,62.23,1184400,0.0,0.0
2020-05-15,61.17,61.97,60.59,61.26,890100,0.0,0.0
2020-05-18,63.66,65.79,62.97,65.4,1126800,0.0,0.0
2020-05-19,64.96,65.39,63.15,63.19,865400,0.0,0.0
2020-05-20,63.82,64.83,63.28,64.39,1053800,0.0,0.0
2020-05-21,63.78,64.52,63.4,63.68,1084400,0.0,0.0
2020-05-22,63.91,63.91,62.79,63.63,1071400,0.0,0.0
2020-05-26,66.56,69.52,65.78,68.16,1920700,0.0,0.0
2020-05-27,71.01,72.66,69.04,71.4,1489300,0.0,0.0
2020-05-28,72.41,72.41,68.69,68.83,1061900,0.0,0.0
2020-05-29,67.82,69.04,67.42,68.05,1514200,0.0,0.0
2020-06-01,68.6,70.21,68.23,69.48,857400,0.0,0.0
2020-06-02,70.41,71.1,69.21,69.64,1134600,0.0,0.0
2020-06-03,71.1,73.68,70.63,73.33,1142800,0.0,0.0
2020-06-04,72.84,75.87,72.59,75.77,1332900,0.0,0.0
2020-06-05,79.53,79.98,77.75,78.12,2437900,0.0,0.0
2020-06-08,79.45,79.86,77.39,78.51,1782000,0.0,0.0
2020-06-09,77.3,80.04,76.82,79.23,1227600,0.0,0.0
2020-06-10,78.37,78.47,75.39,75.47,1323400,0.0,0.0
2020-06-11,73.27,74.13,71.06,71.23,1613600,0.7,0.0
2020-06-12,73.64,73.76,70.66,72.59,1150300,0.0,0.0
2020-06-15,69.91,73.42,69.91,72.51,1447600,0.0,0.0
2020-06-16,75.32,75.36,72.52,73.74,1137000,0.0,0.0
2020-06-17,73.45,74.13,72.62,72.77,1770900,0.0,0.0
2020-06-18,71.52,72.97,71.4,71.73,1672700,0.0,0.0
2020-06-19,72.37,72.49,70.16,71.76,4060100,0.0,0.0
2020-06-22,70.96,72.11,70.01,70.97,1518000,0.0,0.0
2020-06-23,72.02,72.74,70.39,70.41,1938800,0.0,0.0
2020-06-24,68.99,69.45,66.96,67.01,1644500,0.0,0.0
2020-06-25,66.82,68.34,66.3,68.1,1440700,0.0,0.0
2020-06-26,67.0,67.2,65.21,66.16,1970600,0.0,0.0
2020-06-29,67.14,67.35,65.78,66.24,1134200,0.0,0.0
2020-06-30,66.32,69.19,66.06,68.88,1468300,0.0,0.0
2020-07-01,68.46,68.86,66.53,66.8,895400,0.0,0.0
2020-07-02,68.49,69.08,67.21,67.43,833600,0.0,0.0
2020-07-06,69.14,69.45,67.54,68.33,1036000,0.0,0.0
2020-07-07,67.99,68.29,67.39,67.59,1419600,0.0,0.0
2020-07-08,69.58,69.68,67.87,69.59,1456700,0.0,0.0
2020-07-09,68.65,69.16,65.66,66.34,1379500,0.0,0.0
2020-07-10,66.74,69.84,66.62,69.6,1144300,0.0,0.0
2020-07-13,70.13,71.83,69.43,70.82,1437800,0.0,0.0
2020-07-14,70.98,71.43,69.72,70.89,1044800,0.0,0.0
2020-07-15,71.9,71.9,69.29,69.93,1636900,0.0,0.0
2020-07-16,69.2,70.84,68.6,69.4,1102300,0.0,0.0
2020-07-17,69.69,69.69,67.33,67.47,1399300,0.0,0.0
2020-07-20,66.82,67.87,66.82,67.49,1528200,0.0,0.0
2020-07-21,67.41,69.92,67.28,69.31,1507700,0.0,0.0
2020-07-22,71.43,71.43,63.06,65.65,2889400,0.0,0.0
2020-07-23,65.36,67.47,65.26,67.27,1709300,0.0,0.0
2020-07-24,67.78,68.62,65.79,66.01,1092200,0.0,0.0
2020-07-27,65.35,66.66,64.65,66.51,1072700,0.0,0.0
2020-07-28,66.06,67.17,65.87,66.94,1290300,0.0,0.0
2020-07-29,66.74,69.14,66.66,68.81,1263400,0.0,0.0
2020-07-30,67.55,67.87,66.62,67.66,890700,0.0,0.0
2020-07-31,67.66,68.1,67.06,68.02,845800,0.0,0.0
2020-08-03,68.2,69.49,67.54,68.83,993600,0.0,0.0
2020-08-04,69.19,69.27,68.18,68.83,672400,0.0,0.0
2020-08-05,69.08,69.87,68.92,69.79,602400,0.0,0.0
2020-08-06,69.85,70.25,69.41,69.51,764800,0.0,0.0
2020-08-07,69.2,72.34,69.18,72.28,752800,0.0,0.0
2020-08-10,72.23,73.1,71.72,72.63,871500,0.0,0.0
2020-08-11,74.2,75.09,72.86,73.16,1033400,0.0,0.0
2020-08-12,74.6,74.7,72.43,72.99,705600,0.0,0.0
2020-08-13,72.09,72.78,71.39,71.76,603100,0.0,0.0
2020-08-14,71.79,72.9,71.59,72.42,616300,0.0,0.0
2020-08-17,72.01,72.36,71.2,71.69,560600,0.0,0.0
2020-08-18,71.54,71.79,70.8,71.38,599000,0.0,0.0
2020-08-19,71.85,72.7,71.57,72.06,635600,0.0,0.0
2020-08-20,71.3,71.44,70.38,70.7,725400,0.0,0.0
2020-08-21,70.49,71.03,69.91,70.96,628700,0.0,0.0
2020-08-24,70.92,73.24,70.8,73.15,698200,0.0,0.0
2020-08-25,73.8,74.19,72.82,72.93,568200,0.0,0.0
2020-08-26,72.89,72.89,71.8,71.83,729400,0.0,0.0
2020-08-27,72.14,73.56,72.02,73.17,515600,0.0,0.0
2020-08-28,73.32,73.32,72.51,72.85,566600,0.0,0.0
2020-08-31,72.7,72.95,70.81,71.1,1048400,0.0,0.0
2020-09-01,71.01,72.22,70.4,71.26,835600,0.0,0.0
2020-09-02,71.04,73.18,70.56,72.86,699700,0.0,0.0
2020-09-03,73.33,74.87,72.06,72.63,1015500,0.0,0.0
2020-09-04,73.66,74.84,72.64,73.32,1002500,0.0,0.0
2020-09-08,72.07,72.71,70.42,70.85,1585700,0.0,0.0
2020-09-09,71.74,71.74,70.36,70.4,955900,0.0,0.0
2020-09-10,70.51,71.31,68.78,68.88,1077100,0.7,0.0
2020-09-11,68.64,70.46,68.38,69.93,792500,0.0,0.0
2020-09-14,70.55,71.78,70.27,70.5,1335900,0.0,0.0
2020-09-15,71.11,71.11,68.59,68.97,1603100,0.0,0.0
2020-09-16,69.28,75.23,69.18,72.88,2867600,0.0,0.0
2020-09-17,71.98,73.15,71.74,72.6,1988100,0.0,0.0
2020-09-18,72.3,73.21,71.44,71.58,2014600,0.0,0.0
2020-09-21,69.8,71.08,68.04,69.62,1648400,0.0,0.0
2020-09-22,69.25,70.19,67.38,68.12,1574600,0.0,0.0
2020-09-23,68.07,69.22,66.43,66.55,807400,0.0,0.0
2020-09-24,66.98,67.68,65.46,65.87,1017700,0.0,0.0
2020-09-25,65.01,67.02,64.83,66.96,875100,0.0,0.0
2020-09-28,68.4,69.69,68.06,68.84,679300,0.0,0.0
2020-09-29,68.62,68.87,67.49,67.83,607900,0.0,0.0
2020-09-30,68.42,69.21,67.78,68.28,798100,0.0,0.0
2020-10-01,68.12,69.0,67.02,67.48,772700,0.0,0.0
2020-10-02,66.41,69.26,66.31,68.67,514800,0.0,0.0
2020-10-05,69.43,70.97,69.43,70.79,659100,0.0,0.0
2020-10-06,71.54,72.03,69.99,70.23,1034600,0.0,0.0
2020-10-07,71.63,73.05,71.32,72.02,889100,0.0,0.0
2020-10-08,72.33,73.99,71.83,73.78,532800,0.0,0.0
2020-10-09,73.23,74.94,73.03,74.63,703800,0.0,0.0
2020-10-12,74.46,75.92,74.11,75.59,658700,0.0,0.0
2020-10-13,74.91,75.66,73.23,73.5,835900,0.0,0.0
2020-10-14,73.69,74.86,73.49,73.9,691200,0.0,0.0
2020-10-15,73.26,76.43,73.22,76.21,943300,0.0,0.0
2020-10-16,76.63,77.06,75.56,76.52,700600,0.0,0.0
2020-10-19,76.6,77.03,74.64,74.8,723000,0.0,0.0
2020-10-20,75.75,76.48,74.87,75.1,807900,0.0,0.0
2020-10-21,74.55,79.22,74.44,75.11,1823000,0.0,0.0
2020-10-22,75.15,75.59,73.45,75.1,896700,0.0,0.0
2020-10-23,76.25,76.25,73.64,73.92,931600,0.0,0.0
2020-10-26,73.06,73.26,70.91,72.01,751700,0.0,0.0
2020-10-27,71.77,72.14,70.34,70.67,884300,0.0,0.0
2020-10-28,69.48,69.86,67.76,68.13,896800,0.0,0.0
2020-10-29,67.88,69.09,66.76,68.56,811200,0.0,0.0
2020-10-30,68.05,68.81,66.73,68.54,866700,0.0,0.0
2020-11-02,69.86,70.15,68.54,69.23,859000,0.0,0.0
2020-11-03,70.6,73.11,70.32,72.28,950100,0.0,0.0
2020-11-04,70.73,71.98,68.92,69.09,1016200,0.0,0.0
2020-11-05,69.74,72.16,69.72,71.44,657700,0.0,0.0
2020-11-06,71.76,72.16,71.04,71.51,1097500,0.0,0.0
2020-11-09,77.32,80.67,77.31,79.52,1809600,0.0,0.0
2020-11-10,80.02,81.09,78.61,80.44,1337300,0.0,0.0
2020-11-11,80.61,81.25,77.64,78.13,611000,0.0,0.0
2020-11-12,77.07,78.12,75.85,76.69,590300,0.0,0.0
2020-11-13,77.73,79.99,76.83,79.52,792100,0.0,0.0
2020-11-16,81.69,82.44,80.53,81.57,682900,0.0,0.0
2020-11-17,80.01,82.23,79.54,82.14,844200,0.0,0.0
2020-11-18,82.91,83.31,81.17,81.17,562100,0.0,0.0
2020-11-19,80.58,82.02,79.63,81.76,789500,0.0,0.0
2020-11-20,81.3,81.4,79.84,80.03,595100,0.0,0.0
2020-11-23,81.01,82.15,79.89,81.94,861200,0.0,0.0
2020-11-24,83.35,86.31,83.17,85.48,1209300,0.0,0.0
2020-11-25,84.69,85.4,83.3,84.84,665000,0.0,0.0
2020-11-27,85.21,85.47,83.66,84.2,589000,0.0,0.0
2020-11-30,83.85,83.93,81.16,81.55,1162900,0.0,0.0
2020-12-01,81.12,83.28,81.12,81.68,1465400,0.0,0.0
2020-12-02,81.22,82.41,80.66,82.23,1123200,0.0,0.0
2020-12-03,82.35,82.43,81.0,81.44,1127400,0.0,0.0
2020-12-04,82.61,83.51,82.06,83.03,1184700,0.0,0.0
2020-12-07,82.38,82.75,81.4,82.69,611100,0.0,0.0
2020-12-08,81.64,83.05,81.64,82.87,713800,0.0,0.0
2020-12-09,82.95,83.74,81.02,81.64,1173500,0.0,0.0
2020-12-10,81.27,81.27,79.79,80.93,1203700,0.7,0.0
2020-12-11,79.27,79.78,78.28,79.5,1309400,0.0,0.0
2020-12-14,80.84,81.07,78.06,78.16,1038400,0.0,0.0
2020-12-15,79.3,80.71,78.18,80.06,1155800,0.0,0.0
2020-12-16,80.01,80.41,79.28,80.11,836600,0.0,0.0
2020-12-17,80.22,81.28,79.54,81.27,994300,0.0,0.0
2020-12-18,81.92,81.97,80.55,81.09,1926200,0.0,0.0
2020-12-21,80.67,81.75,78.4,80.34,1005500,0.0,0.0
2020-12-22,80.26,80.69,79.41,79.94,1036500,0.0,0.0
2020-12-23,80.61,82.08,80.55,81.17,590000,0.0,0.0
2020-12-24,81.38,81.38,79.57,80.82,269300,0.0,0.0
2020-12-28,81.26,82.59,81.03,81.6,627400,0.0,0.0
2020-12-29,81.92,81.93,80.68,81.1,500500,0.0,0.0
2020-12-30,80.83,81.92,80.36,81.11,385800,0.0,0.0
2020-12-31,81.32,82.32,80.64,82.18,514200,0.0,0.0
2021-01-04,82.51,82.93,80.38,81.62,733200,0.0,0.0
2021-01-05,80.0,81.83,79.97,81.01,975200,0.0,0.0
2021-01-06,83.05,86.59,81.79,85.85,1373800,0.0,0.0
2021-01-07,86.3,87.56,86.06,86.1,761200,0.0,0.0
2021-01-08,86.25,86.39,84.18,85.49,637800,0.0,0.0
2021-01-11,85.41,86.39,84.21,86.38,775500,0.0,0.0
2021-01-12,85.87,87.8,85.5,87.66,866100,0.0,0.0
2021-01-13,87.02,87.71,86.39,86.76,703500,0.0,0.0
2021-01-14,87.48,88.11,86.55,87.96,832100,0.0,0.0
2021-01-15,86.37,87.12,84.47,85.1,751800,0.0,0.0
2021-01-19,85.21,86.46,84.29,85.91,900400,0.0,0.0
2021-01-20,85.56,85.56,83.16,83.65,1751700,0.0,0.0
2021-01-21,84.21,85.06,82.38,83.14,1676500,0.0,0.0
2021-01-22,83.91,84.18,81.49,83.47,1311700,0.0,0.0
2021-01-25,82.39,84.12,82.15,83.19,1248300,0.0,0.0
2021-01-26,83.94,83.94,82.56,82.59,826200,0.0,0.0
2021-01-27,81.15,82.81,79.34,79.65,1410100,0.0,0.0
2021-01-28,80.89,81.59,80.36,80.46,1082900,0.0,0.0
2021-01-29,80.01,80.5,77.83,78.7,995900,0.0,0.0
2021-02-01,79.64,80.47,79.09,79.91,751800,0.0,0.0
2021-02-02,80.61,82.25,80.43,81.28,755900,0.0,0.0
2021-02-03,80.86,82.89,80.61,82.52,820100,0.0,0.0
2021-02-04,83.0,85.24,82.35,85.18,843400,0.0,0.0
2021-02-05,85.63,86.16,84.66,85.73,646800,0.0,0.0
2021-02-08,85.81,86.47,85.49,86.16,770900,0.0,0.0
2021-02-09,86.12,86.77,84.88,86.25,739800,0.0,0.0
2021-02-10,86.38,86.99,85.29,85.41,713700,0.0,0.0
2021-02-11,85.31,86.55,84.63,85.58,575900,0.0,0.0
2021-02-12,85.44,86.64,85.44,86.6,669600,0.0,0.0
2021-02-16,87.32,88.22,87.04,87.29,933800,0.0,0.0
2021-02-17,86.93,87.49,85.74,86.0,976100,0.0,0.0
2021-02-18,85.46,85.89,84.06,84.72,610200,0.0,0.0
2021-02-19,84.74,85.68,84.28,84.98,1070800,0.0,0.0
2021-02-22,84.52,86.56,84.49,86.15,1172100,0.0,0.0
2021-02-23,87.45,87.6,85.92,86.08,931900,0.0,0.0
2021-02-24,85.9,88.64,85.9,88.48,691100,0.0,0.0
2021-02-25,88.64,89.9,85.94,86.26,1011200,0.0,0.0
2021-02-26,85.57,85.87,83.71,83.94,1109300,0.0,0.0
2021-03-01,85.98,88.27,85.42,87.22,781900,0.0,0.0
2021-03-02,87.05,87.48,85.79,85.86,878100,0.0,0.0
2021-03-03,85.16,88.55,85.16,86.96,933700,0.0,0.0
2021-03-04,87.16,87.36,84.71,86.09,964200,0.0,0.0
2021-03-05,87.48,88.47,85.53,88.17,938100,0.0,0.0
2021-03-08,88.92,90.96,88.36,89.66,970900,0.0,0.0
2021-03-09,88.72,90.83,87.44,88.6,1289600,0.0,0.0
2021-03-10,88.94,91.02,88.94,89.46,1237500,0.0,0.0
2021-03-11,89.06,90.8,88.48,90.35,915900,0.7,0.0
2021-03-12,91.49,92.32,90.65,90.97,852300,0.0,0.0
2021-03-15,91.22,93.23,90.82,93.13,1243700,0.0,0.0
2021-03-16,92.4,93.69,92.03,92.67,1094600,0.0,0.0
2021-03-17,93.52,94.39,91.86,92.92,1311200,0.0,0.0
2021-03-18,94.11,94.76,91.96,92.46,1124700,0.0,0.0
2021-03-19,91.54,92.49,90.1,91.17,5177400,0.0,0.0
2021-03-22,90.39,90.54,88.29,88.48,1013100,0.0,0.0
2021-03-23,88.03,88.4,86.51,86.91,1190600,0.0,0.0
2021-03-24,87.65,89.39,87.52,88.27,1046600,0.0,0.0
2021-03-25,88.45,91.77,87.46,91.46,912600,0.0,0.0
2021-03-26,91.91,94.13,91.54,94.05,1017700,0.0,0.0
2021-03-29,92.85,95.32,92.38,94.7,1145200,0.0,0.0
2021-03-30,95.48,95.92,93.77,95.09,1023100,0.0,0.0
2021-03-31,94.5,94.96,92.88,93.39,1026300,0.0,0.0
2021-04-01,92.7,94.09,91.01,93.85,638100,0.0,0.0
2021-04-05,94.7,95.56,93.97,94.96,840400,0.0,0.0
2021-04-06,94.48,94.99,93.29,93.93,570600,0.0,0.0
2021-04-07,94.62,95.17,93.94,94.92,588500,0.0,0.0
2021-04-08,94.43,94.92,93.77,94.64,592500,0.0,0.0
2021-04-09,95.56,96.99,94.95,96.6,885500,0.0,0.0
2021-04-12,96.03,97.74,96.03,97.7,726500,0.0,0.0
2021-04-13,97.07,97.28,96.05,96.64,848300,0.0,0.0
2021-04-14,96.54,98.09,96.3,97.82,840200,0.0,0.0
2021-04-15,97.66,97.66,96.06,96.43,1078000,0.0,0.0
2021-04-16,97.24,97.27,94.26,94.99,1496700,0.0,0.0
2021-04-19,95.09,95.24,93.49,94.39,1445100,0.0,0.0
2021-04-20,94.51,97.28,93.56,95.4,1558000,0.0,0.0
2021-04-21,94.62,95.59,93.34,94.84,1018900,0.0,0.0
2021-04-22,94.64,95.61,93.82,94.86,1107500,0.0,0.0
2021-04-23,94.71,97.71,94.52,97.32,897400,0.0,0.0
2021-04-26,97.51,98.8,96.8,96.99,537600,0.0,0.0
2021-04-27,96.56,98.96,96.42,98.79,823000,0.0,0.0
2021-04-28,99.32,99.88,98.69,99.37,597700,0.0,0.0
2021-04-29,99.04,101.8,98.71,101.66,859300,0.0,0.0
2021-04-30,101.24,101.53,100.61,101.11,907500,0.0,0.0
2021-05-03,101.82,102.53,100.31,101.99,760400,0.0,0.0
2021-05-04,101.95,102.86,100.78,102.46,1095500,0.0,0.0
2021-05-05,103.2,104.85,101.78,104.33,802900,0.0,0.0
2021-05-06,105.01,105.63,102.9,105.56,655400,0.0,0.0
2021-05-07,101.3,106.15,101.3,105.98,654300,0.0,0.0
2021-05-10,106.65,108.11,106.23,106.78,565900,0.0,0.0
2021-05-11,106.31,107.92,104.95,105.2,564100,0.0,0.0
2021-05-12,104.94,106.9,103.09,103.38,706900,0.0,0.0
2021-05-13,103.1,106.3,103.1,105.79,572900,0.0,0.0
2021-05-14,106.37,107.51,105.97,106.77,822500,0.0,0.0
2021-05-17,106.69,107.52,105.59,107.17,613700,0.0,0.0
2021-05-18,106.88,107.37,104.25,104.3,1052600,0.0,0.0
2021-05-19,102.84,104.38,102.43,104.26,731200,0.0,0.0
2021-05-20,103.84,105.7,103.65,104.99,596600,0.0,0.0
2021-05-21,104.97,107.39,104.97,106.52,756800,0.0,0.0
2021-05-24,106.95,107.45,106.19,107.21,474100,0.0,0.0
2021-05-25,107.17,108.79,106.56,106.86,808500,0.0,0.0
2021-05-26,107.76,107.91,106.08,107.47,521500,0.0,0.0
2021-05-27,108.44,109.31,107.52,107.92,984300,0.0,0.0
2021-05-28,108.17,108.67,106.96,107.68,801000,0.0,0.0
2021-06-01,109.13,109.38,107.7,107.96,680400,0.0,0.0
2021-06-02,107.69,108.12,106.36,107.04,944200,0.0,0.0
2021-06-03,106.79,108.23,106.61,107.35,759100,0.0,0.0
2021-06-04,107.22,107.4,105.98,106.97,1181800,0.0,0.0
2021-06-07,107.51,107.52,105.38,105.67,769700,0.0,0.0
2021-06-08,105.14,106.92,104.46,106.6,841200,0.0,0.0
2021-06-09,105.56,105.87,104.93,105.4,576300,0.0,0.0
2021-06-10,106.71,106.83,104.57,104.68,845400,0.7,0.0
2021-06-11,105.18,105.94,104.78,105.1,656400,0.0,0.0
2021-06-14,104.87,105.25,103.54,104.1,825900,0.0,0.0
2021-06-15,104.1,106.01,103.75,105.63,631000,0.0,0.0
2021-06-16,105.22,109.22,102.47,106.35,2131100,0.0,0.0
2021-06-17,105.88,106.68,99.94,100.58,1560900,0.0,0.0
2021-06-18,99.23,99.39,97.42,97.67,1913800,0.0,0.0
2021-06-21,98.9,101.22,98.34,101.14,700200,0.0,0.0
2021-06-22,100.96,100.96,99.4,100.15,834500,0.0,0.0
2021-06-23,100.61,100.83,100.02,100.33,547900,0.0,0.0
2021-06-24,100.45,102.49,100.29,102.18,675500,0.0,0.0
2021-06-25,102.58,104.63,102.15,103.92,1261400,0.0,0.0
2021-06-28,103.61,103.67,101.81,102.43,852800,0.0,0.0
2021-06-29,103.06,104.05,102.2,102.72,538500,0.0,0.0
2021-06-30,102.58,103.5,102.15,103.34,593900,0.0,0.0
2021-07-01,103.73,104.29,103.3,103.97,417900,0.0,0.0
2021-07-02,104.13,104.49,103.18,104.33,465300,0.0,0.0
2021-07-06,104.15,104.33,101.53,102.22,858300,0.0,0.0
2021-07-07,101.81,102.24,100.34,101.93,636700,0.0,0.0
2021-07-08,100.36,100.58,98.82,99.73,841700,0.0,0.0
2021-07-09,101.27,103.63,101.22,103.28,790600,0.0,0.0
2021-07-12,102.81,104.44,102.07,103.95,490300,0.0,0.0
2021-07-13,103.7,103.9,102.34,102.61,431400,0.0,0.0
2021-07-14,102.78,103.5,100.62,101.29,871200,0.0,0.0
2021-07-15,100.61,102.71,100.07,101.78,894200,0.0,0.0
2021-07-16,101.98,102.08,100.61,101.13,656600,0.0,0.0
2021-07-19,99.17,99.24,95.85,96.49,1037300,0.0,0.0
2021-07-20,96.77,100.89,96.24,99.93,990900,0.0,0.0
2021-07-21,101.21,102.5,100.03,101.54,832300,0.0,0.0
2021-07-22,100.54,101.47,98.52,99.06,637200,0.0,0.0
2021-07-23,99.91,100.28,98.65,99.65,604200,0.0,0.0
2021-07-26,99.49,100.75,99.49,100.55,457200,0.0,0.0
2021-07-27,99.67,101.44,98.61,100.3,815300,0.0,0.0
2021-07-28,100.95,100.98,99.35,99.96,625200,0.0,0.0
2021-07-29,100.66,102.34,99.87,101.54,505800,0.0,0.0
2021-07-30,101.08,101.5,100.49,100.87,729700,0.0,0.0
2021-08-02,101.7,103.31,100.0,100.05,560600,0.0,0.0
2021-08-03,100.53,100.83,98.27,100.7,939200,0.0,0.0
2021-08-04,100.11,100.19,99.27,99.38,534600,0.0,0.0
2021-08-05,99.64,100.37,99.58,100.31,571900,0.0,0.0
2021-08-06,101.27,103.52,101.23,103.12,609200,0.0,0.0
2021-08-09,102.61,103.44,101.82,102.75,677200,0.0,0.0
2021-08-10,102.79,103.76,102.13,103.39,968300,0.0,0.0
2021-08-11,103.84,105.05,102.91,104.83,1005100,0.0,0.0
2021-08-12,105.39,105.41,104.35,105.02,643400,0.0,0.0
2021-08-13,105.35,105.35,103.81,104.01,412100,0.0,0.0
2021-08-16,103.27,104.16,102.4,103.96,422300,0.0,0.0
2021-08-17,103.12,103.8,101.89,102.84,466600,0.0,0.0
2021-08-18,102.21,104.15,101.93,102.26,645700,0.0,0.0
2021-08-19,101.16,102.59,100.68,101.56,602500,0.0,0.0
2021-08-20,101.71,102.53,101.2,102.43,462600,0.0,0.0
2021-08-23,102.73,104.45,102.22,103.93,480000,0.0,0.0
2021-08-24,104.17,105.08,104.14,104.57,458600,0.0,0.0
2021-08-25,104.91,107.24,104.55,106.73,476100,0.0,0.0
2021-08-26,106.8,107.26,106.15,106.17,460000,0.0,0.0
2021-08-27,106.22,108.24,106.22,108.18,783300,0.0,0.0
2021-08-30,108.5,108.81,105.5,105.52,507100,0.0,0.0
2021-08-31,105.51,106.17,105.12,105.93,729000,0.0,0.0
2021-09-01,105.72,106.08,103.81,104.5,724800,0.0,0.0
2021-09-02,104.9,105.42,104.39,105.38,647300,0.0,0.0
2021-09-03,105.31,105.56,104.54,104.89,502300,0.0,0.0
2021-09-07,105.03,105.03,103.12,103.17,592800,0.0,0.0
2021-09-08,102.78,104.11,102.06,102.44,627100,0.0,0.0
2021-09-09,102.08,104.18,101.99,103.04,531700,0.7,0.0
2021-09-10,103.43,103.43,100.68,101.22,802700,0.0,0.0
2021-09-13,102.12,103.58,101.44,102.28,1006200,0.0,0.0
2021-09-14,102.92,102.92,98.23,99.04,1147100,0.0,0.0
2021-09-15,99.89,100.44,98.97,99.57,954600,0.0,0.0
2021-09-16,100.5,100.91,97.97,98.52,670200,0.0,0.0
2021-09-17,96.97,99.07,96.46,97.3,1311800,0.0,0.0
2021-09-20,95.22,96.06,93.75,95.21,1000600,0.0,0.0
2021-09-21,95.57,96.01,93.84,93.98,709300,0.0,0.0
2021-09-22,95.14,96.73,94.86,95.71,721800,0.0,0.0
2021-09-23,97.02,99.1,96.71,98.36,551900,0.0,0.0
2021-09-24,98.1,99.52,98.1,98.32,686400,0.0,0.0
2021-09-27,98.66,101.68,98.66,101.22,668300,0.0,0.0
2021-09-28,101.25,103.05,99.58,99.91,714400,0.0,0.0
2021-09-29,100.21,100.21,99.07,99.18,607200,0.0,0.0
2021-09-30,99.54,99.8,96.9,96.95,622000,0.0,0.0
2021-10-01,97.52,98.97,95.84,98.23,1071900,0.0,0.0
2021-10-04,96.54,99.74,96.54,97.17,752500,0.0,0.0
2021-10-05,97.63,100.36,97.19,99.76,713600,0.0,0.0
2021-10-06,98.89,100.13,97.64,100.03,536500,0.0,0.0
2021-10-07,101.4,102.29,100.76,101.57,865200,0.0,0.0
2021-10-08,102.42,104.82,102.04,103.82,612300,0.0,0.0
2021-10-11,104.47,105.33,103.96,104.12,725800,0.0,0.0
2021-10-12,104.08,105.49,103.64,103.96,925600,0.0,0.0
2021-10-13,103.96,104.32,102.04,104.19,725300,0.0,0.0
2021-10-14,104.78,108.04,104.55,107.95,1297300,0.0,0.0
2021-10-15,108.72,109.14,107.73,108.69,1007100,0.0,0.0
2021-10-18,108.5,110.78,107.89,108.81,1105500,0.0,0.0
2021-10-19,108.73,109.18,107.14,109.18,944000,0.0,0.0
2021-10-20,111.51,113.01,108.95,112.87,1641200,0.0,0.0
2021-10-21,113.58,113.97,112.27,112.62,966600,0.0,0.0
2021-10-22,112.94,113.91,112.17,112.7,678700,0.0,0.0
2021-10-25,112.8,113.5,110.67,110.96,620200,0.0,0.0
2021-10-26,110.96,111.72,110.3,110.8,793500,0.0,0.0
2021-10-27,110.09,111.01,108.81,108.88,710300,0.0,0.0
2021-10-28,108.88,110.41,108.88,110.38,793100,0.0,0.0
2021-10-29,110.16,111.44,110.1,110.65,743300,0.0,0.0
2021-11-01,111.42,112.03,110.93,111.27,462800,0.0,0.0
2021-11-02,111.27,112.31,110.79,111.39,825400,0.0,0.0
2021-11-03,111.13,112.52,110.59,112.19,641500,0.0,0.0
2021-11-04,111.89,111.89,108.77,110.24,716000,0.0,0.0
2021-11-05,111.05,112.21,110.6,111.13,711700,0.0,0.0
2021-11-08,111.35,112.14,110.28,110.92,758600,0.0,0.0
2021-11-09,110.42,110.49,109.06,109.62,633100,0.0,0.0
2021-11-10,109.73,111.71,108.82,111.02,601500,0.0,0.0
2021-11-11,111.84,112.91,110.42,112.03,532400,0.0,0.0
2021-11-12,112.23,112.78,111.42,112.68,473300,0.0,0.0
2021-11-15,112.73,113.79,112.26,112.61,575200,0.0,0.0
2021-11-16,112.54,113.19,111.88,111.97,453000,0.0,0.0
2021-11-17,111.6,111.6,109.93,110.52,445100,0.0,0.0
2021-11-18,110.9,111.32,109.11,109.17,493100,0.0,0.0
2021-11-19,107.9,108.88,106.26,108.46,572300,0.0,0.0
2021-11-22,110.02,111.67,108.99,110.78,728400,0.0,0.0
2021-11-23,111.06,112.23,110.72,112.09,435600,0.0,0.0
2021-11-24,111.84,112.4,111.45,111.82,378000,0.0,0.0
2021-11-26,107.53,107.89,105.79,106.92,436900,0.0,0.0
2021-11-29,108.79,108.93,106.99,107.86,562000,0.0,0.0
2021-11-30,106.58,106.59,103.46,104.05,1454000,0.0,0.0
2021-12-01,106.06,107.66,102.56,102.65,825000,0.0,0.0
2021-12-02,103.41,106.95,102.91,106.73,877300,0.0,0.0
2021-12-03,107.27,107.37,103.75,104.91,587100,0.0,0.0
2021-12-06,106.68,107.83,105.8,106.6,738600,0.0,0.0
2021-12-07,107.35,108.66,106.68,108.07,492800,0.0,0.0
2021-12-08,108.71,108.9,106.51,107.12,627000,0.0,0.0
2021-12-09,106.54,108.16,106.08,107.59,520900,0.7,0.0
2021-12-10,108.33,108.54,106.15,107.06,417000,0.0,0.0
2021-12-13,106.97,106.97,104.72,105.9,546000,0.0,0.0
2021-12-14,105.9,107.51,104.48,106.28,743700,0.0,0.0
2021-12-15,106.51,106.65,104.61,106.29,597700,0.0,0.0
2021-12-16,107.54,108.7,106.42,107.65,874100,0.0,0.0
2021-12-17,107.53,107.63,104.87,106.05,1435000,0.0,0.0
2021-12-20,104.18,104.3,101.77,103.57,758600,0.0,0.0
2021-12-21,104.87,107.21,104.87,106.55,537700,0.0,0.0
2021-12-22,106.47,107.4,105.92,106.54,431300,0.0,0.0
2021-12-23,107.22,108.55,106.79,106.93,470100,0.0,0.0
2021-12-27,106.99,109.13,106.36,109.08,370900,0.0,0.0
2021-12-28,109.11,109.86,108.45,108.6,400200,0.0,0.0
2021-12-29,108.96,109.29,108.25,108.57,288700,0.0,0.0
2021-12-30,108.75,109.59,107.83,108.02,236700,0.0,0.0
2021-12-31,107.59,108.54,107.31,108.2,369600,0.0,0.0
2022-01-03,109.18,109.67,108.23,109.19,646100,0.0,0.0
2022-01-04,110.53,114.33,110.53,113.33,884700,0.0,0.0
2022-01-05,114.89,115.46,112.33,112.56,798800,0.0,0.0
2022-01-06,114.59,115.46,112.39,113.96,585400,0.0,0.0
2022-01-07,113.92,117.8,113.86,117.29,1146300,0.0,0.0
2022-01-10,117.6,117.83,115.41,116.92,963200,0.0,0.0
2022-01-11,117.93,119.59,116.4,119.06,1020700,0.0,0.0
2022-01-12,119.31,120.44,118.6,120.09,1034800,0.0,0.0
2022-01-13,120.32,122.26,120.23,120.52,943200,0.0,0.0
2022-01-14,119.32,120.97,118.21,120.87,1095200,0.0,0.0
2022-01-18,120.28,120.62,118.48,119.63,1016200,0.0,0.0
2022-01-19,120.02,120.02,113.74,113.84,1523200,0.0,0.0
2022-01-20,113.56,115.6,107.84,108.57,2220600,0.0,0.0
2022-01-21,107.62,107.83,102.13,103.06,1672800,0.0,0.0
2022-01-24,100.8,105.59,99.51,105.22,1523200,0.0,0.0
2022-01-25,103.66,105.53,101.63,104.39,1165300,0.0,0.0
2022-01-26,105.22,107.13,102.93,104.23,1375500,0.0,0.0
2022-01-27,105.6,107.35,102.94,103.79,1065400,0.0,0.0
2022-01-28,103.37,104.72,101.95,104.61,640500,0.0,0.0
2022-01-31,104.24,105.85,103.2,105.51,1118100,0.0,0.0
2022-02-01,105.58,107.8,104.31,107.66,987100,0.0,0.0
2022-02-02,107.45,109.18,106.63,108.85,859400,0.0,0.0
2022-02-03,108.53,109.57,107.51,108.19,948000,0.0,0.0
2022-02-04,108.26,110.81,107.82,109.98,869200,0.0,0.0
2022-02-07,110.27,111.52,109.39,110.94,784900,0.0,0.0
2022-02-08,111.57,113.7,111.57,113.24,1033700,0.0,0.0
2022-02-09,113.72,114.24,111.66,114.03,577500,0.0,0.0
2022-02-10,113.46,115.7,112.64,113.26,974500,0.0,0.0
2022-02-11,112.57,114.62,110.81,111.37,1220600,0.0,0.0
2022-02-14,111.76,112.52,108.8,109.92,1045200,0.0,0.0
2022-02-15,111.25,113.59,110.99,113.33,777900,0.0,0.0
2022-02-16,113.02,114.98,112.4,114.23,911300,0.0,0.0
2022-02-17,113.48,113.48,106.79,107.15,985700,0.0,0.0
2022-02-18,106.75,108.25,106.29,107.21,1010000,0.0,0.0
2022-02-22,106.76,108.1,105.18,106.21,889200,0.0,0.0
2022-02-23,107.2,107.5,102.37,102.8,812100,0.0,0.0
2022-02-24,98.83,102.8,97.82,102.18,1309800,0.0,0.0
2022-02-25,103.22,106.66,102.86,106.54,908200,0.0,0.0
2022-02-28,103.28,104.92,101.47,103.03,1262500,0.0,0.0
2022-03-01,102.83,102.93,94.53,96.16,1840400,0.0,0.0
2022-03-02,97.55,101.37,97.02,99.7,1317000,0.0,0.0
2022-03-03,100.09,101.06,98.47,99.9,742900,0.0,0.0
2022-03-04,97.34,97.7,95.39,97.22,1406700,0.0,0.0
2022-03-07,96.44,96.84,93.98,94.16,1345200,0.0,0.0
2022-03-08,95.4,97.81,92.62,94.91,951200,0.0,0.0
2022-03-09,98.29,99.85,97.53,97.72,1117600,0.0,0.0
2022-03-10,96.45,97.36,94.33,96.24,1003400,0.7,0.0
2022-03-11,97.7,99.1,95.58,95.73,1096100,0.0,0.0
2022-03-14,97.56,101.42,97.53,100.05,1577000,0.0,0.0
2022-03-15,100.27,101.57,99.86,101.28,994800,0.0,0.0
2022-03-16,102.99,105.92,102.9,105.63,1142100,0.0,0.0
2022-03-17,103.08,105.42,102.4,105.33,724100,0.0,0.0
2022-03-18,105.18,105.57,103.18,104.9,1612100,0.0,0.0
2022-03-21,105.35,105.82,103.42,104.26,521400,0.0,0.0
2022-03-22,105.04,107.29,105.04,106.73,671800,0.0,0.0
2022-03-23,105.23,106.58,104.74,105.2,688800,0.0,0.0
2022-03-24,105.83,106.72,104.84,106.16,672700,0.0,0.0
2022-03-25,106.45,108.61,106.06,108.56,681100,0.0,0.0
2022-03-28,108.16,108.17,106.2,107.61,1065100,0.0,0.0
2022-03-29,109.26,109.98,108.28,109.22,517300,0.0,0.0
2022-03-30,110.32,110.4,108.62,109.94,897500,0.0,0.0
2022-03-31,109.53,110.14,105.72,106.03,1119500,0.0,0.0
2022-04-01,107.33,107.65,104.74,105.21,735000,0.0,0.0
2022-04-04,104.83,105.82,103.7,105.08,759100,0.0,0.0
2022-04-05,104.98,106.27,104.65,105.19,707300,0.0,0.0
2022-04-06,104.6,104.61,102.77,103.32,666700,0.0,0.0
2022-04-07,102.91,104.5,100.64,103.61,776900,0.0,0.0
2022-04-08,104.15,105.34,103.49,104.74,487700,0.0,0.0
2022-04-11,104.64,106.07,103.86,104.5,572800,0.0,0.0
2022-04-12,104.46,106.15,103.0,103.34,605400,0.0,0.0
2022-04-13,102.57,103.72,101.91,103.62,548900,0.0,0.0
2022-04-14,104.31,105.04,100.9,100.97,1030200,0.0,0.0
2022-04-18,100.64,101.55,99.86,100.52,1022300,0.0,0.0
2022-04-19,100.9,102.19,99.75,101.69,671200,0.0,0.0
2022-04-20,102.67,104.03,102.45,103.04,795500,0.0,0.0
2022-04-21,104.19,104.58,100.16,100.47,763100,0.0,0.0
2022-04-22,100.61,100.76,96.54,96.69,1215300,0.0,0.0
2022-04-25,96.1,96.4,93.65,96.29,1554500,0.0,0.0
2022-04-26,96.29,100.77,95.21,98.27,1315100,0.0,0.0
2022-04-27,98.71,99.25,97.52,98.12,942400,0.0,0.0
2022-04-28,98.89,99.14,96.57,97.72,838700,0.0,0.0
2022-04-29,97.43,98.13,93.63,93.83,840400,0.0,0.0
2022-05-02,94.67,95.7,93.13,95.1,775000,0.0,0.0
2022-05-03,95.64,97.26,95.17,95.98,615600,0.0,0.0
2022-05-04,96.07,99.69,95.24,99.13,706900,0.0,0.0
2022-05-05,98.41,98.41,95.98,97.11,896400,0.0,0.0
2022-05-06,96.99,96.99,94.37,95.92,678300,0.0,0.0
2022-05-09,95.17,96.52,94.26,95.38,930900,0.0,0.0
2022-05-10,96.25,96.75,92.83,94.46,833200,0.0,0.0
2022-05-11,94.77,96.34,92.58,92.77,589500,0.0,0.0
2022-05-12,92.2,94.14,91.1,93.39,732300,0.0,0.0
2022-05-13,94.35,95.76,94.01,94.83,622600,0.0,0.0
2022-05-16,94.77,95.6,92.83,94.13,593600,0.0,0.0
2022-05-17,95.74,96.59,94.91,96.25,601300,0.0,0.0
2022-05-18,95.87,96.36,93.2,93.62,685200,0.0,0.0
2022-05-19,91.91,93.67,91.91,92.87,762700,0.0,0.0
2022-05-20,93.5,94.36,91.92,94.21,747200,0.0,0.0
2022-05-23,96.09,97.63,95.39,96.68,726500,0.0,0.0
2022-05-24,96.4,96.78,94.13,96.65,588300,0.0,0.0
2022-05-25,96.77,98.27,96.35,97.93,528500,0.0,0.0
2022-05-26,98.45,100.32,98.41,99.92,560400,0.0,0.0
2022-05-27,100.17,102.61,100.17,102.52,489400,0.0,0.0
2022-05-31,102.16,103.03,100.63,101.75,1210700,0.0,0.0
2022-06-01,101.82,102.09,98.24,99.03,829800,0.0,0.0
2022-06-02,99.62,101.92,98.53,101.88,614300,0.0,0.0
2022-06-03,101.06,101.31,100.09,100.18,494300,0.0,0.0
2022-06-06,101.14,102.47,100.32,100.38,353000,0.0,0.0
2022-06-07,100.16,102.0,99.31,101.82,776000,0.0,0.0
2022-06-08,100.93,101.28,99.31,99.53,532000,0.0,0.0
2022-06-09,99.48,100.17,97.44,97.46,470600,0.7,0.0
2022-06-10,96.05,96.23,92.8,92.95,837800,0.0,0.0
2022-06-13,90.8,91.66,89.69,90.2,950400,0.0,0.0
2022-06-14,90.92,91.59,84.82,85.77,2875600,0.0,0.0
2022-06-15,87.08,88.03,84.22,85.48,2608600,0.0,0.0
2022-06-16,83.65,84.06,82.18,83.81,1641300,0.0,0.0
2022-06-17,84.12,85.36,83.54,84.01,1749500,0.0,0.0
2022-06-21,85.92,86.62,85.1,86.07,817800,0.0,0.0
2022-06-22,85.37,86.95,85.16,85.55,939300,0.0,0.0
2022-06-23,86.5,86.54,84.07,85.97,931800,0.0,0.0
2022-06-24,86.91,89.31,86.72,89.0,1435000,0.0,0.0
2022-06-27,89.57,89.89,88.16,89.84,992300,0.0,0.0
2022-06-28,90.46,92.21,89.82,90.04,670400,0.0,0.0
2022-06-29,90.21,91.77,89.75,90.48,879000,0.0,0.0
2022-06-30,88.28,89.57,87.49,88.41,1044000,0.0,0.0
2022-07-01,87.76,89.83,87.35,89.55,767700,0.0,0.0
2022-07-05,87.76,88.58,86.6,88.53,804700,0.0,0.0
2022-07-06,88.26,88.81,86.83,87.81,697000,0.0,0.0
2022-07-07,88.76,89.94,88.71,89.17,1065000,0.0,0.0
2022-07-08,89.81,89.85,88.17,88.53,703400,0.0,0.0
2022-07-11,88.01,88.15,86.71,87.16,947100,0.0,0.0
2022-07-12,87.16,89.76,86.35,88.21,1179400,0.0,0.0
2022-07-13,87.46,87.85,86.13,87.6,766400,0.0,0.0
2022-07-14,86.05,86.78,85.17,86.62,810800,0.0,0.0
2022-07-15,87.84,91.66,87.49,90.98,1568300,0.0,0.0
2022-07-18,91.35,92.5,89.13,89.64,810400,0.0,0.0
2022-07-19,90.82,92.97,90.75,92.76,1174700,0.0,0.0
2022-07-20,90.77,90.77,87.41,89.05,2290200,0.0,0.0
2022-07-21,88.31,89.63,87.49,89.36,1161200,0.0,0.0
2022-07-22,89.78,90.15,88.34,89.25,685400,0.0,0.0
2022-07-25,90.23,90.23,88.85,89.38,632800,0.0,0.0
2022-07-26,88.92,89.33,86.97,87.34,726700,0.0,0.0
2022-07-27,87.77,89.14,87.44,88.85,652500,0.0,0.0
2022-07-28,89.02,89.86,87.72,89.78,722500,0.0,0.0
2022-07-29,89.57,91.56,89.57,91.44,897600,0.0,0.0
2022-08-01,90.94,91.12,89.48,90.49,714400,0.0,0.0
2022-08-02,90.34,90.56,89.06,90.23,789600,0.0,0.0
2022-08-03,91.17,91.79,90.31,91.48,1020200,0.0,0.0
2022-08-04,91.73,92.85,91.25,91.5,973300,0.0,0.0
2022-08-05,90.99,92.0,90.67,91.51,454300,0.0,0.0
2022-08-08,92.1,92.37,90.9,90.95,414400,0.0,0.0
2022-08-09,91.39,91.39,89.99,90.7,529400,0.0,0.0
2022-08-10,92.16,93.76,90.82,93.49,662300,0.0,0.0
2022-08-11,94.09,95.06,93.85,94.17,548900,0.0,0.0
2022-08-12,94.81,95.4,94.22,95.35,801100,0.0,0.0
2022-08-15,94.95,95.35,93.97,95.05,529500,0.0,0.0
2022-08-16,94.73,95.83,94.64,95.1,824900,0.0,0.0
2022-08-17,93.97,94.46,93.47,93.92,1169000,0.0,0.0
2022-08-18,93.85,94.22,92.87,94.11,645000,0.0,0.0
2022-08-19,93.43,93.56,91.77,92.15,651400,0.0,0.0
2022-08-22,91.02,91.02,89.8,90.21,755100,0.0,0.0
2022-08-23,89.96,90.95,89.85,89.93,484000,0.0,0.0
2022-08-24,89.93,90.44,89.29,89.94,578200,0.0,0.0
2022-08-25,90.52,91.27,89.97,90.72,539100,0.0,0.0
2022-08-26,91.36,91.36,87.38,87.42,763400,0.0,0.0
2022-08-29,86.8,87.86,86.18,87.34,785100,0.0,0.0
2022-08-30,87.67,87.99,86.63,87.48,991300,0.0,0.0
2022-08-31,88.34,88.48,87.02,87.14,1616000,0.0,0.0
2022-09-01,86.62,87.37,85.28,86.79,853500,0.0,0.0
2022-09-02,87.74,88.26,85.08,85.57,825800,0.0,0.0
2022-09-06,85.85,86.29,84.75,86.07,935000,0.0,0.0
2022-09-07,86.27,88.67,86.15,88.44,1068400,0.0,0.0
2022-09-08,87.83,91.39,87.35,91.33,1284400,0.75,0.0
2022-09-09,91.71,92.54,91.46,91.52,1316100,0.0,0.0
2022-09-12,92.29,93.04,90.18,90.96,1922600,0.0,0.0
2022-09-13,89.56,89.79,87.56,87.69,1293500,0.0,0.0
2022-09-14,87.86,88.55,86.44,87.43,899800,0.0,0.0
2022-09-15,87.76,89.11,87.48,88.16,996800,0.0,0.0
2022-09-16,87.93,88.34,85.08,86.01,2036900,0.0,0.0
2022-09-19,85.26,88.24,85.14,88.12,915500,0.0,0.0
2022-09-20,87.42,87.42,85.73,86.43,656800,0.0,0.0
2022-09-21,86.9,87.32,84.2,84.21,687200,0.0,0.0
2022-09-22,84.74,84.74,82.36,82.65,860600,0.0,0.0
2022-09-23,82.09,82.42,80.46,81.71,944400,0.0,0.0
2022-09-26,81.16,81.58,79.6,80.16,1467500,0.0,0.0
2022-09-27,80.57,80.89,77.64,79.04,1113800,0.0,0.0
2022-09-28,79.32,81.21,79.04,80.75,1112200,0.0,0.0
2022-09-29,79.63,80.13,78.61,79.67,825100,0.0,0.0
2022-09-30,80.07,81.16,78.83,79.02,996100,0.0,0.0
2022-10-03,80.08,81.83,78.86,81.47,1094600,0.0,0.0
2022-10-04,81.87,84.06,81.87,84.03,1067200,0.0,0.0
2022-10-05,82.92,83.93,82.76,83.5,712700,0.0,0.0
2022-10-06,83.18,83.5,81.85,81.88,701100,0.0,0.0
2022-10-07,81.22,81.22,78.54,79.38,917400,0.0,0.0
2022-10-10,80.22,80.4,78.62,78.81,594300,0.0,0.0
2022-10-11,78.45,79.05,77.35,77.65,716200,0.0,0.0
2022-10-12,77.39,78.63,76.81,77.34,825500,0.0,0.0
2022-10-13,75.77,81.11,75.63,80.56,998500,0.0,0.0
2022-10-14,81.04,81.96,77.48,77.63,1578600,0.0,0.0
2022-10-17,79.65,81.21,79.61,80.27,1267000,0.0,0.0
2022-10-18,81.96,82.51,78.95,80.91,1982600,0.0,0.0
2022-10-19,72.16,78.6,71.57,73.5,4172200,0.0,0.0
2022-10-20,72.47,74.01,71.21,71.31,2068500,0.0,0.0
2022-10-21,70.92,73.73,70.33,73.58,1592300,0.0,0.0
2022-10-24,73.88,74.76,73.51,73.86,975800,0.0,0.0
2022-10-25,73.42,76.04,73.32,75.75,945100,0.0,0.0
2022-10-26,76.06,76.68,75.04,75.88,1244100,0.0,0.0
2022-10-27,76.58,77.66,76.34,76.42,1002100,0.0,0.0
2022-10-28,76.4,78.32,76.31,78.21,761600,0.0,0.0
2022-10-31,77.48,78.42,76.91,77.9,1104500,0.0,0.0
2022-11-01,78.45,78.63,77.72,78.24,1015100,0.0,0.0
2022-11-02,78.28,80.76,77.83,77.93,1166300,0.0,0.0
2022-11-03,76.52,76.7,75.48,75.74,923300,0.0,0.0
2022-11-04,76.33,78.06,76.33,78.01,652000,0.0,0.0
2022-11-07,78.59,78.81,77.46,78.72,662700,0.0,0.0
2022-11-08,78.61,79.78,78.13,79.34,621900,0.0,0.0
2022-11-09,78.78,79.55,77.38,77.58,437200,0.0,0.0
2022-11-10,80.03,83.71,80.03,83.49,940900,0.0,0.0
2022-11-11,83.83,87.78,83.48,86.84,1466900,0.0,0.0
2022-11-14,86.28,86.55,83.67,83.68,876500,0.0,0.0
2022-11-15,84.91,85.77,83.22,84.96,880500,0.0,0.0
2022-11-16,84.54,84.74,83.57,84.04,590900,0.0,0.0
2022-11-17,82.73,83.97,81.85,83.94,978900,0.0,0.0
2022-11-18,85.22,85.34,83.91,85.26,829100,0.0,0.0
2022-11-21,84.97,85.8,84.49,85.71,658600,0.0,0.0
2022-11-22,86.05,86.96,86.05,86.57,584800,0.0,0.0
2022-11-23,86.54,87.14,86.35,86.66,544300,0.0,0.0
2022-11-25,87.15,87.29,86.52,87.15,231100,0.0,0.0
2022-11-28,86.13,86.62,84.16,84.23,770200,0.0,0.0
2022-11-29,84.32,84.75,83.48,84.74,621300,0.0,0.0
2022-11-30,84.57,86.2,81.78,85.99,1713900,0.0,0.0
2022-12-01,86.97,86.97,85.15,86.47,1645400,0.0,0.0
2022-12-02,85.58,86.13,83.58,84.65,826500,0.0,0.0
2022-12-05,84.46,84.74,81.84,82.59,771700,0.0,0.0
2022-12-06,82.44,82.92,81.02,81.8,958000,0.0,0.0
2022-12-07,81.32,82.2,80.87,81.01,1459900,0.0,0.0
2022-12-08,81.95,82.46,80.73,81.15,960500,0.75,0.0
2022-12-09,80.99,81.97,80.5,81.84,850100,0.0,0.0
2022-12-12,81.97,83.73,81.58,83.4,824400,0.0,0.0
2022-12-13,85.9,86.94,83.83,84.45,1142500,0.0,0.0
2022-12-14,84.09,84.94,82.05,82.2,739500,0.0,0.0
2022-12-15,80.77,81.39,80.18,80.73,964700,0.0,0.0
2022-12-16,80.03,81.42,79.97,80.99,2123000,0.0,0.0
2022-12-19,81.07,82.26,80.6,81.26,823500,0.0,0.0
2022-12-20,81.26,82.1,79.88,81.14,756300,0.0,0.0
2022-12-21,82.27,83.11,82.08,82.86,657000,0.0,0.0
2022-12-22,82.2,82.4,79.82,81.39,671500,0.0,0.0
2022-12-23,81.35,82.07,80.94,82.0,380900,0.0,0.0
2022-12-27,82.1,82.54,81.28,81.88,395800,0.0,0.0
2022-12-28,81.86,82.12,80.94,81.1,392300,0.0,0.0
2022-12-29,81.67,83.58,80.95,83.35,496400,0.0,0.0
2022-12-30,82.57,82.9,81.63,82.43,488200,0.0,0.0
2023-01-03,83.46,84.32,82.81,83.63,719400,0.0,0.0
2023-01-04,83.97,86.28,83.92,85.4,1202400,0.0,0.0
2023-01-05,85.07,85.68,84.49,85.24,707200,0.0,0.0
2023-01-06,86.2,88.47,84.88,88.19,1116900,0.0,0.0
2023-01-09,88.68,89.66,87.65,87.76,1043700,0.0,0.0
2023-01-10,87.44,88.7,86.8,88.34,585400,0.0,0.0
2023-01-11,88.41,89.9,88.34,89.69,606300,0.0,0.0
2023-01-12,90.05,91.92,89.56,90.66,1313300,0.0,0.0
2023-01-13,89.83,92.24,89.38,91.47,757700,0.0,0.0
2023-01-17,91.44,92.95,90.82,92.59,1451700,0.0,0.0
2023-01-18,92.55,93.38,91.96,92.19,1636800,0.0,0.0
2023-01-19,88.73,88.78,82.44,84.26,3491100,0.0,0.0
2023-01-20,84.65,87.01,83.92,86.97,2392300,0.0,0.0
2023-01-23,86.84,88.74,86.54,88.07,1121000,0.0,0.0
2023-01-24,88.06,89.06,87.3,88.28,858100,0.0,0.0
2023-01-25,87.25,88.12,86.57,87.89,1838400,0.0,0.0
2023-01-26,88.48,90.37,87.92,90.3,1387000,0.0,0.0
2023-01-27,90.02,91.41,89.84,90.54,1035400,0.0,0.0
2023-01-30,89.6,90.34,88.66,88.85,925400,0.0,0.0
2023-01-31,88.8,90.37,88.02,90.33,1193200,0.0,0.0
2023-02-01,89.71,91.2,88.82,90.12,1675800,0.0,0.0
2023-02-02,91.28,92.47,89.96,91.37,1059600,0.0,0.0
2023-02-03,90.38,92.24,89.76,91.45,1033800,0.0,0.0
2023-02-06,90.34,91.14,90.22,90.79,754300,0.0,0.0
2023-02-07,90.24,92.9,90.04,92.59,878400,0.0,0.0
2023-02-08,91.38,93.03,91.11,91.42,1036900,0.0,0.0
2023-02-09,92.28,92.55,90.79,90.92,905800,0.0,0.0
2023-02-10,90.15,91.14,89.68,91.12,777900,0.0,0.0
2023-02-13,91.04,92.35,90.54,92.27,988700,0.0,0.0
2023-02-14,91.99,91.99,90.22,90.66,924800,0.0,0.0
2023-02-15,89.67,90.59,89.64,90.4,633400,0.0,0.0
2023-02-16,89.27,89.87,88.71,89.16,673600,0.0,0.0
2023-02-17,88.8,90.09,88.43,90.09,624300,0.0,0.0
2023-02-21,88.68,89.35,87.08,87.61,780700,0.0,0.0
2023-02-22,87.94,88.22,86.79,87.53,811400,0.0,0.0
2023-02-23,87.85,88.45,86.12,87.06,717500,0.0,0.0
2023-02-24,86.31,87.31,86.0,87.02,688800,0.0,0.0
2023-02-27,88.07,88.32,87.25,87.79,1041500,0.0,0.0
2023-02-28,87.87,89.23,87.41,88.74,1282400,0.0,0.0
2023-03-01,87.68,88.55,87.48,87.95,785700,0.0,0.0
2023-03-02,87.1,87.12,85.65,86.58,814600,0.0,0.0
2023-03-03,87.08,88.56,86.47,88.47,800000,0.0,0.0
2023-03-06,88.55,89.02,88.05,88.78,933200,0.0,0.0
2023-03-07,88.88,89.26,85.08,86.28,1808800,0.0,0.0
2023-03-08,85.99,86.81,85.72,86.48,954700,0.0,0.0
2023-03-09,86.21,86.74,81.02,81.62,2004000,0.75,0.0
2023-03-10,79.74,82.15,76.57,79.75,2627100,0.0,0.0
2023-03-13,77.96,79.75,76.57,77.2,2541000,0.0,0.0
2023-03-14,79.96,81.18,78.41,81.02,2909100,0.0,0.0
2023-03-15,78.59,79.9,77.88,79.46,1916800,0.0,0.0
2023-03-16,79.21,81.26,77.79,80.4,1125100,0.0,0.0
2023-03-17,79.6,79.6,76.38,76.75,3615100,0.0,0.0
2023-03-20,78.31,79.99,77.87,79.16,1247800,0.0,0.0
2023-03-21,81.31,82.48,81.31,81.94,921300,0.0,0.0
2023-03-22,81.91,81.91,78.55,78.68,1135100,0.0,0.0
2023-03-23,78.59,79.82,77.87,78.15,977800,0.0,0.0
2023-03-24,76.44,78.37,75.71,78.35,1102900,0.0,0.0
2023-03-27,80.3,80.57,78.8,79.73,875900,0.0,0.0
2023-03-28,79.74,80.55,79.33,79.79,537400,0.0,0.0
2023-03-29,80.84,81.8,80.65,81.76,742400,0.0,0.0
2023-03-30,82.76,83.13,80.35,81.47,1034700,0.0,0.0
2023-03-31,82.25,82.88,81.25,82.76,1048700,0.0,0.0
2023-04-03,82.54,83.43,81.55,82.38,1107100,0.0,0.0
2023-04-04,82.26,82.71,81.15,81.7,911800,0.0,0.0
2023-04-05,81.02,82.55,80.76,82.21,743000,0.0,0.0
2023-04-06,82.39,82.7,81.1,81.45,1989800,0.0,0.0
2023-04-10,82.17,83.07,81.58,82.4,1003400,0.0,0.0
2023-04-11,82.9,85.02,82.36,84.46,1003600,0.0,0.0
2023-04-12,84.93,85.07,82.78,83.49,942800,0.0,0.0
2023-04-13,83.58,84.05,82.92,83.79,765100,0.0,0.0
2023-04-14,84.59,84.8,82.1,82.57,1158400,0.0,0.0
2023-04-17,79.35,80.7,76.07,80.5,2786600,0.0,0.0
2023-04-18,81.06,81.06,79.23,80.75,1781600,0.0,0.0
2023-04-19,80.32,81.95,80.17,81.69,752300,0.0,0.0
2023-04-20,80.87,81.57,80.27,80.63,948300,0.0,0.0
2023-04-21,80.32,80.32,79.19,80.1,950900,0.0,0.0
2023-04-24,80.41,81.22,80.26,80.88,924900,0.0,0.0
2023-04-25,78.88,79.51,72.25,73.4,3211700,0.0,0.0
2023-04-26,72.52,73.82,71.34,71.82,1653300,0.0,0.0
2023-04-27,72.46,72.87,71.44,72.34,1529800,0.0,0.0
2023-04-28,71.96,73.46,71.55,73.4,1477500,0.0,0.0
2023-05-01,73.51,73.78,72.31,72.34,1605900,0.0,0.0
2023-05-02,71.9,71.9,69.04,70.06,1704800,0.0,0.0
2023-05-03,69.99,70.81,68.55,68.74,1202600,0.0,0.0
2023-05-04,67.81,68.28,66.33,67.24,1952300,0.0,0.0
2023-05-05,68.65,69.14,68.0,68.58,1685800,0.0,0.0
2023-05-08,69.11,69.6,68.21,68.57,941300,0.0,0.0
2023-05-09,67.88,68.11,67.25,67.75,925400,0.0,0.0
2023-05-10,68.54,68.73,66.76,67.06,937100,0.0,0.0
2023-05-11,66.31,67.0,65.88,66.22,1619200,0.0,0.0
2023-05-12,66.87,66.97,65.3,65.67,1047900,0.0,0.0
2023-05-15,65.88,67.13,65.74,66.52,890200,0.0,0.0
2023-05-16,66.03,66.38,65.36,65.41,1005400,0.0,0.0
2023-05-17,66.22,67.96,65.94,67.72,1809800,0.0,0.0
2023-05-18,67.41,68.55,66.93,68.45,871000,0.0,0.0
2023-05-19,68.77,69.07,67.54,67.8,940600,0.0,0.0
2023-05-22,68.03,68.96,67.66,68.58,888000,0.0,0.0
2023-05-23,68.29,69.49,68.12,68.51,1054300,0.0,0.0
2023-05-24,68.13,68.17,66.82,67.0,768700,0.0,0.0
2023-05-25,66.62,67.55,66.49,67.41,933900,0.0,0.0
2023-05-26,67.23,68.38,67.07,68.2,710700,0.0,0.0
2023-05-30,68.36,69.1,67.46,68.72,819200,0.0,0.0
2023-05-31,67.9,68.07,66.78,67.54,1987900,0.0,0.0
2023-06-01,67.51,68.87,67.37,68.59,1039700,0.0,0.0
2023-06-02,69.93,71.25,69.53,70.6,1513000,0.0,0.0
2023-06-05,70.53,70.8,68.98,69.82,891200,0.0,0.0
2023-06-06,69.74,71.76,69.68,70.96,1103800,0.0,0.0
2023-06-07,71.07,71.47,70.17,71.16,1467400,0.0,0.0
2023-06-08,70.97,71.04,69.61,70.62,1387800,0.75,0.0
2023-06-09,70.59,71.17,70.21,70.97,1126100,0.0,0.0
2023-06-12,71.01,71.58,69.29,69.8,1650300,0.0,0.0
2023-06-13,70.14,71.71,69.81,70.9,1193300,0.0,0.0
2023-06-14,71.02,71.78,70.17,70.42,1278300,0.0,0.0
2023-06-15,70.18,71.82,69.72,71.74,830100,0.0,0.0
2023-06-16,72.06,72.06,70.32,70.86,1992200,0.0,0.0
2023-06-20,70.34,70.55,69.19,69.63,1295900,0.0,0.0
2023-06-21,69.3,69.98,68.72,69.19,1527400,0.0,0.0
2023-06-22,69.3,69.3,67.46,68.05,3791300,0.0,0.0
2023-06-23,67.65,68.29,67.15,67.61,1402000,0.0,0.0
2023-06-26,67.52,68.82,67.51,68.08,1174100,0.0,0.0
2023-06-27,67.92,68.73,67.59,68.62,1649600,0.0,0.0
2023-06-28,68.49,68.56,67.72,68.31,987900,0.0,0.0
2023-06-29,68.67,69.79,68.57,69.57,1234200,0.0,0.0
2023-06-30,70.15,70.63,69.58,70.32,1138300,0.0,0.0
2023-07-03,70.77,72.32,70.7,71.48,918600,0.0,0.0
2023-07-05,70.86,71.57,70.25,70.38,1108200,0.0,0.0
2023-07-06,69.39,69.57,68.54,69.47,978000,0.0,0.0
2023-07-07,69.38,71.14,69.38,70.49,1343100,0.0,0.0
2023-07-10,69.16,70.98,69.05,69.93,1293800,0.0,0.0
2023-07-11,70.62,71.14,70.52,70.94,989300,0.0,0.0
2023-07-12,71.63,72.27,70.62,70.78,1372500,0.0,0.0
2023-07-13,71.04,72.37,70.81,72.25,1685100,0.0,0.0
2023-07-14,72.44,72.75,66.94,67.52,2824000,0.0,0.0
2023-07-17,67.41,68.36,66.51,66.84,2605000,0.0,0.0
2023-07-18,67.4,69.22,67.14,68.01,3579100,0.0,0.0
2023-07-19,72.66,78.19,71.52,77.09,6832700,0.0,0.0
2023-07-20,76.78,77.11,72.93,75.48,2987700,0.0,0.0
2023-07-21,75.74,75.97,74.28,74.69,1607500,0.0,0.0
2023-07-24,74.53,76.23,74.52,75.48,1065100,0.0,0.0
2023-07-25,75.76,75.83,73.9,74.31,1284500,0.0,0.0
2023-07-26,74.78,76.1,74.52,75.74,680700,0.0,0.0
2023-07-27,75.88,76.49,74.89,75.09,754200,0.0,0.0
2023-07-28,76.25,76.29,75.31,75.93,982600,0.0,0.0
2023-07-31,76.23,76.77,75.57,75.99,2268000,0.0,0.0
2023-08-01,75.37,76.24,74.93,76.09,1038400,0.0,0.0
2023-08-02,75.33,76.11,74.55,76.0,835300,0.0,0.0
2023-08-03,75.7,77.3,75.28,76.65,902100,0.0,0.0
2023-08-04,76.52,77.38,76.01,76.12,662300,0.0,0.0
2023-08-07,76.55,77.38,76.4,76.68,506100,0.0,0.0
2023-08-08,74.09,75.61,73.66,75.49,791700,0.0,0.0
2023-08-09,75.51,75.96,74.83,74.93,642700,0.0,0.0
2023-08-10,75.64,76.37,75.3,75.67,764200,0.0,0.0
2023-08-11,75.25,76.14,75.12,75.79,667600,0.0,0.0
2023-08-14,75.36,75.36,74.13,74.66,722700,0.0,0.0
2023-08-15,73.91,73.91,72.8,72.98,685300,0.0,0.0
2023-08-16,72.5,73.32,72.3,72.58,1079200,0.0,0.0
2023-08-17,72.89,73.67,72.43,72.98,813300,0.0,0.0
2023-08-18,72.11,73.26,72.09,72.79,952400,0.0,0.0
2023-08-21,72.79,73.1,71.29,72.26,1038700,0.0,0.0
2023-08-22,72.24,72.57,70.35,70.43,1016400,0.0,0.0
2023-08-23,70.47,71.84,70.31,71.5,976300,0.0,0.0
2023-08-24,71.63,72.74,71.02,71.5,691400,0.0,0.0
2023-08-25,71.85,72.31,70.61,70.82,931100,0.0,0.0
2023-08-28,71.27,72.5,71.13,71.64,730900,0.0,0.0
2023-08-29,71.64,72.33,71.31,72.13,794200,0.0,0.0
2023-08-30,72.25,72.79,71.96,72.19,848600,0.0,0.0
2023-08-31,72.28,72.58,71.63,72.15,2053900,0.0,0.0
2023-09-01,72.84,73.43,72.51,73.31,1211600,0.0,0.0
2023-09-05,73.0,73.82,72.37,72.49,1066400,0.0,0.0
2023-09-06,72.13,73.07,71.74,72.4,850900,0.0,0.0
2023-09-07,72.01,72.77,71.43,72.37,1198200,0.75,0.0
2023-09-08,72.44,73.21,71.66,73.17,913800,0.0,0.0
2023-09-11,73.58,74.85,73.58,73.83,1173800,0.0,0.0
2023-09-12,73.8,74.59,66.87,68.82,3676000,0.0,0.0
2023-09-13,69.58,69.63,68.07,68.88,1316200,0.0,0.0
2023-09-14,69.31,70.57,69.31,70.37,1302000,0.0,0.0
2023-09-15,70.36,70.6,69.44,69.66,1747100,0.0,0.0
2023-09-18,69.36,69.36,68.26,68.74,720300,0.0,0.0
2023-09-19,68.58,69.07,67.43,67.48,949400,0.0,0.0
2023-09-20,67.93,68.03,66.89,66.93,712700,0.0,0.0
2023-09-21,66.62,66.98,66.12,66.61,1161700,0.0,0.0
2023-09-22,66.69,66.91,65.83,66.51,1338700,0.0,0.0
2023-09-25,66.28,66.48,65.87,66.3,752300,0.0,0.0
2023-09-26,65.64,66.61,65.48,66.06,1160400,0.0,0.0
2023-09-27,66.39,66.39,64.97,65.57,907900,0.0,0.0
2023-09-28,65.73,66.64,65.6,66.29,1204400,0.0,0.0
2023-09-29,66.73,67.44,66.38,66.55,961400,0.0,0.0
2023-10-02,66.22,66.22,64.7,64.98,1320400,0.0,0.0
2023-10-03,64.66,65.16,63.58,64.01,1807500,0.0,0.0
2023-10-04,64.21,64.5,62.74,63.69,1348300,0.0,0.0
2023-10-05,63.39,64.01,62.8,63.86,1524600,0.0,0.0
2023-10-06,63.52,65.21,63.16,64.62,1332000,0.0,0.0
2023-10-09,63.43,64.4,63.36,64.34,1110100,0.0,0.0
2023-10-10,65.49,65.95,64.76,64.88,1335200,0.0,0.0
2023-10-11,64.84,65.72,64.84,65.47,1019400,0.0,0.0
2023-10-12,65.47,65.72,63.66,64.27,1189000,0.0,0.0
2023-10-13,64.63,65.12,64.13,64.58,1080700,0.0,0.0
2023-10-16,65.23,66.16,64.75,65.95,1149900,0.0,0.0
2023-10-17,65.33,67.86,65.11,67.64,2696400,0.0,0.0
2023-10-18,66.24,67.15,61.61,63.16,4735100,0.0,0.0
2023-10-19,63.11,64.65,62.39,62.74,3027600,0.0,0.0
2023-10-20,63.03,63.35,61.55,61.57,1895400,0.0,0.0
2023-10-23,61.14,62.53,60.92,61.48,1398000,0.0,0.0
2023-10-24,61.46,62.07,60.7,60.87,1733700,0.0,0.0
2023-10-25,60.61,60.87,59.81,60.4,3172300,0.0,0.0
2023-10-26,61.21,62.75,60.88,62.21,3511000,0.0,0.0
2023-10-27,62.48,62.77,60.76,60.86,1321100,0.0,0.0
2023-10-30,61.47,62.82,61.43,62.38,1486100,0.0,0.0
2023-10-31,62.38,63.39,62.22,63.13,1318400,0.0,0.0
2023-11-01,63.23,64.51,62.98,64.06,2070100,0.0,0.0
2023-11-02,64.69,67.22,64.62,67.15,1779000,0.0,0.0
2023-11-03,68.15,69.43,68.09,68.34,1689000,0.0,0.0
2023-11-06,68.21,68.36,66.55,67.36,1674200,0.0,0.0
2023-11-07,67.21,67.48,66.48,66.59,949400,0.0,0.0
2023-11-08,66.57,66.74,66.08,66.43,643700,0.0,0.0
2023-11-09,66.95,67.53,66.41,66.48,1305900,0.0,0.0
2023-11-10,66.8,67.73,66.06,67.72,1382500,0.0,0.0
2023-11-13,67.33,68.11,67.03,67.99,1703600,0.0,0.0
2023-11-14,69.24,71.55,69.24,70.73,1587400,0.0,0.0
2023-11-15,70.74,72.05,70.74,71.73,1000700,0.0,0.0
2023-11-16,71.85,72.29,70.86,71.5,1358300,0.0,0.0
2023-11-17,72.05,72.34,71.59,72.21,992700,0.0,0.0
2023-11-20,71.66,72.89,71.49,72.66,959300,0.0,0.0
2023-11-21,72.45,72.74,72.09,72.38,877900,0.0,0.0
2023-11-22,72.96,73.05,72.25,72.94,789500,0.0,0.0
2023-11-24,72.37,73.44,72.37,73.14,468400,0.0,0.0
2023-11-27,73.0,73.13,72.5,73.02,801700,0.0,0.0
2023-11-28,73.09,73.6,72.51,73.47,863200,0.0,0.0
2023-11-29,74.02,75.42,74.02,74.98,1202100,0.0,0.0
2023-11-30,75.42,76.46,74.96,75.91,2133800,0.0,0.0
2023-12-01,75.72,77.32,75.38,76.9,1571400,0.0,0.0
2023-12-04,76.19,77.63,76.17,77.37,1288800,0.0,0.0
2023-12-05,77.0,77.68,76.27,77.36,1152500,0.0,0.0
2023-12-06,77.68,80.1,77.13,77.27,2491200,0.0,0.0
2023-12-07,77.25,77.65,76.58,77.21,1579300,0.75,0.0
2023-12-08,77.48,78.09,77.08,77.73,1280500,0.0,0.0
2023-12-11,77.83,78.49,77.39,78.15,922400,0.0,0.0
2023-12-12,78.11,78.23,77.54,77.79,1100600,0.0,0.0
2023-12-13,77.79,80.14,77.36,80.11,1193700,0.0,0.0
2023-12-14,81.5,84.04,81.5,83.08,2129100,0.0,0.0
2023-12-15,82.6,83.15,81.83,82.62,2341100,0.0,0.0
2023-12-18,82.97,82.99,82.16,82.76,1136300,0.0,0.0
2023-12-19,82.77,83.54,82.37,83.02,1302700,0.0,0.0
2023-12-20,82.8,83.05,80.18,80.34,1493700,0.0,0.0
2023-12-21,81.01,81.5,80.35,81.02,1087600,0.0,0.0
2023-12-22,81.62,81.72,80.71,81.06,860100,0.0,0.0
2023-12-26,81.22,81.71,80.96,81.46,638300,0.0,0.0
2023-12-27,81.35,81.83,81.04,81.77,832200,0.0,0.0
2023-12-28,82.05,82.22,81.63,82.15,634300,0.0,0.0
2023-12-29,82.04,82.38,81.14,81.59,777600,0.0,0.0
2024-01-02,81.4,82.59,81.19,82.06,968100,0.0,0.0
2024-01-03,80.72,80.95,79.54,79.84,1240700,0.0,0.0
2024-01-04,80.01,80.6,79.54,79.63,910000,0.0,0.0
2024-01-05,79.22,81.59,79.14,80.71,1059900,0.0,0.0
2024-01-08,80.89,81.51,80.24,81.39,1000800,0.0,0.0
2024-01-09,82.16,83.9,81.07,81.54,1147400,0.0,0.0
2024-01-10,81.4,81.56,80.22,81.36,1353600,0.0,0.0
2024-01-11,80.72,81.02,79.91,80.68,1026000,0.0,0.0
2024-01-12,81.09,81.85,80.02,81.03,1092200,0.0,0.0
2024-01-16,80.76,80.76,79.62,80.51,1544600,0.0,0.0
2024-01-17,79.04,80.75,79.01,80.19,1549500,0.0,0.0
2024-01-18,82.18,82.18,77.17,78.23,2542500,0.0,0.0
2024-01-19,78.63,79.01,77.5,78.45,2306200,0.0,0.0
2024-01-22,78.66,79.24,77.88,78.71,1592100,0.0,0.0
2024-01-23,78.73,79.37,78.36,78.56,1419900,0.0,0.0
2024-01-24,79.42,79.42,77.95,78.2,1150100,0.0,0.0
2024-01-25,79.07,79.55,78.24,79.08,1792300,0.0,0.0
2024-01-26,79.53,80.06,78.52,78.9,969000,0.0,0.0
2024-01-29,78.54,78.77,77.93,78.61,1101000,0.0,0.0
2024-01-30,77.9,78.46,77.73,78.18,1279000,0.0,0.0
2024-01-31,77.93,78.6,76.83,77.0,2670800,0.0,0.0
2024-02-01,77.12,77.36,75.15,76.67,1827600,0.0,0.0
2024-02-02,75.96,78.12,75.8,77.72,1340800,0.0,0.0
2024-02-05,76.59,76.84,75.88,76.13,992200,0.0,0.0
2024-02-06,76.07,76.58,75.44,75.61,1077100,0.0,0.0
2024-02-07,75.95,76.5,74.31,76.5,1670700,0.0,0.0
2024-02-08,76.37,76.77,75.38,75.87,946000,0.0,0.0
2024-02-09,75.66,77.09,75.66,77.0,1282800,0.0,0.0
2024-02-12,76.74,79.06,76.74,78.66,1502800,0.0,0.0
2024-02-13,77.6,77.98,74.13,74.9,1512400,0.0,0.0
2024-02-14,76.05,76.54,75.65,76.42,1105700,0.0,0.0
2024-02-15,76.56,78.48,76.33,78.12,1039300,0.0,0.0
2024-02-16,77.54,77.79,76.88,77.3,1072300,0.0,0.0
2024-02-20,76.27,77.6,76.14,76.97,1186100,0.0,0.0
2024-02-21,76.92,77.79,76.34,77.24,998200,0.0,0.0
2024-02-22,77.35,78.17,76.82,77.33,740100,0.0,0.0
2024-02-23,77.68,78.97,77.01,78.78,1098100,0.0,0.0
2024-02-26,78.4,79.57,78.35,78.51,1237200,0.0,0.0
2024-02-27,78.93,79.22,78.43,79.07,925200,0.0,0.0
2024-02-28,78.81,79.82,78.32,78.74,820200,0.0,0.0
2024-02-29,79.66,80.15,79.05,79.41,1771300,0.0,0.0
2024-03-01,79.27,80.06,78.31,79.92,1398300,0.0,0.0
2024-03-04,82.12,83.31,81.38,81.75,2636200,0.0,0.0
2024-03-05,80.9,83.06,80.9,82.34,1691100,0.0,0.0
2024-03-06,80.29,80.72,76.87,78.59,4532500,0.0,0.0
2024-03-07,79.27,80.33,79.06,79.94,2129000,0.75,0.0
2024-03-08,80.21,80.72,79.59,79.84,1225500,0.0,0.0
2024-03-11,79.84,80.36,78.92,79.97,1210100,0.0,0.0
2024-03-12,79.94,80.4,78.78,78.97,907800,0.0,0.0
2024-03-13,78.88,80.36,78.88,79.76,1194600,0.0,0.0
2024-03-14,79.48,79.61,77.39,78.31,1604700,0.0,0.0
2024-03-15,77.85,80.35,77.85,79.5,11972800,0.0,0.0
2024-03-18,79.61,80.06,78.72,79.97,1416900,0.0,0.0
2024-03-19,80.25,80.87,79.82,80.26,1322900,0.0,0.0
2024-03-20,79.92,82.1,79.76,82.07,1366600,0.0,0.0
2024-03-21,82.66,84.55,82.44,84.41,1134900,0.0,0.0
2024-03-22,84.78,84.95,83.45,83.48,1128800,0.0,0.0
2024-03-25,83.48,84.23,83.47,83.78,854800,0.0,0.0
2024-03-26,84.12,84.66,83.65,84.53,1058700,0.0,0.0
2024-03-27,85.21,86.22,84.72,85.63,1157800,0.0,0.0
2024-03-28,85.92,87.1,85.63,86.78,1092600,0.0,0.0
2024-04-01,86.41,87.03,85.76,86.31,709700,0.0,0.0
2024-04-02,86.22,86.67,84.86,85.46,1508400,0.0,0.0
2024-04-03,85.07,86.24,85.07,85.81,1638100,0.0,0.0
2024-04-04,86.66,86.82,84.43,84.48,1089000,0.0,0.0
2024-04-05,84.39,84.89,83.44,84.69,1257600,0.0,0.0
2024-04-08,85.2,86.31,84.79,85.89,1166400,0.0,0.0
2024-04-09,86.28,86.6,85.07,86.0,762600,0.0,0.0
2024-04-10,84.6,84.82,83.11,83.35,830800,0.0,0.0
2024-04-11,83.38,83.64,82.13,82.88,893300,0.0,0.0
2024-04-12,82.62,83.26,81.54,81.81,1113000,0.0,0.0
2024-04-15,82.76,83.16,81.45,81.69,1550100,0.0,0.0
2024-04-16,78.8,82.28,77.41,77.64,3095600,0.0,0.0
2024-04-17,79.33,80.28,78.56,79.27,1507500,0.0,0.0
2024-04-18,79.82,80.1,78.87,79.45,1404500,0.0,0.0
2024-04-19,79.77,80.37,79.31,79.49,1985300,0.0,0.0
2024-04-22,80.08,82.16,79.68,81.53,1791300,0.0,0.0
2024-04-23,81.28,82.98,81.28,82.15,1549400,0.0,0.0
2024-04-24,81.68,82.55,81.63,82.27,1332900,0.0,0.0
2024-04-25,81.93,82.13,80.75,81.43,1595400,0.0,0.0
2024-04-26,81.25,82.3,81.05,81.37,1283500,0.0,0.0
2024-04-29,81.36,82.28,81.15,81.54,984800,0.0,0.0
2024-04-30,81.52,81.78,80.38,80.4,963400,0.0,0.0
2024-05-01,80.5,82.13,80.02,81.05,1062800,0.0,0.0
2024-05-02,81.68,82.18,80.26,81.49,815000,0.0,0.0
2024-05-03,82.63,82.8,82.0,82.58,927100,0.0,0.0
2024-05-06,83.31,83.31,82.38,82.97,859300,0.0,0.0
2024-05-07,83.36,83.67,82.6,82.62,867600,0.0,0.0
2024-05-08,82.42,83.72,82.14,83.56,1047300,0.0,0.0
2024-05-09,83.23,84.74,83.23,84.69,777800,0.0,0.0
2024-05-10,84.9,85.41,84.55,84.61,812100,0.0,0.0
2024-05-13,85.19,85.19,83.67,83.82,641800,0.0,0.0
2024-05-14,84.49,84.82,84.06,84.2,840200,0.0,0.0
2024-05-15,85.06,85.19,83.92,84.37,1040100,0.0,0.0
2024-05-16,84.19,84.67,83.53,83.57,1279900,0.0,0.0
2024-05-17,83.84,83.98,82.63,83.45,1299000,0.0,0.0
2024-05-20,83.57,83.68,82.21,82.42,1155000,0.0,0.0
2024-05-21,82.31,82.69,81.98,82.56,752000,0.0,0.0
2024-05-22,82.36,82.73,81.46,81.88,913100,0.0,0.0
2024-05-23,81.9,81.9,80.5,80.86,1024000,0.0,0.0
2024-05-24,81.17,81.59,80.96,81.3,554200,0.0,0.0
2024-05-28,81.24,81.46,79.45,80.1,1230500,0.0,0.0
2024-05-29,79.26,79.97,78.48,79.76,1255700,0.0,0.0
2024-05-30,80.36,81.29,79.8,80.9,2087700,0.0,0.0
2024-05-31,81.25,82.25,81.05,82.21,2224200,0.0,0.0
2024-06-03,82.59,82.79,80.93,81.59,1309100,0.0,0.0
2024-06-04,81.12,81.86,80.37,81.42,1605900,0.0,0.0
2024-06-05,81.47,82.27,80.54,80.85,1409300,0.0,0.0
2024-06-06,80.02,81.21,79.82,80.76,1018200,0.0,0.0
2024-06-07,80.41,81.51,80.18,81.04,911000,0.75,0.0
2024-06-10,80.55,81.56,79.82,81.52,991400,0.0,0.0
2024-06-11,80.92,81.5,78.47,78.63,1703700,0.0,0.0
2024-06-12,80.09,82.99,79.6,82.3,1965100,0.0,0.0
2024-06-13,81.64,81.96,80.58,81.42,1552500,0.0,0.0
2024-06-14,80.68,81.29,79.88,80.41,1033600,0.0,0.0
2024-06-17,79.96,80.85,79.23,80.83,888300,0.0,0.0
2024-06-18,80.99,81.64,80.49,81.64,1064300,0.0,0.0
2024-06-20,81.04,81.51,80.43,80.91,1153100,0.0,0.0
2024-06-21,81.08,81.59,80.44,81.5,1906300,0.0,0.0
2024-06-24,81.79,82.86,81.49,82.24,803800,0.0,0.0
2024-06-25,81.83,82.01,79.98,80.81,1062300,0.0,0.0
2024-06-26,80.36,81.42,80.36,81.33,825500,0.0,0.0
2024-06-27,81.06,81.58,80.01,81.29,737000,0.0,0.0
2024-06-28,81.9,83.04,81.46,82.7,1369100,0.0,0.0
2024-07-01,82.73,83.55,82.34,82.56,808700,0.0,0.0
2024-07-02,82.08,83.54,82.08,82.95,728600,0.0,0.0
2024-07-03,83.46,83.98,82.67,83.12,653800,0.0,0.0
2024-07-05,82.66,82.89,81.42,81.87,1598600,0.0,0.0
2024-07-08,81.88,82.47,81.28,81.64,770000,0.0,0.0
2024-07-09,81.67,82.89,81.34,82.66,727900,0.0,0.0
2024-07-10,82.94,84.12,82.75,84.1,743400,0.0,0.0
2024-07-11,84.81,86.21,84.48,85.54,1483700,0.0,0.0
2024-07-12,86.17,88.37,85.84,87.92,1137800,0.0,0.0
2024-07-15,88.44,89.02,87.99,88.97,1076000,0.0,0.0
2024-07-16,88.78,90.14,88.25,89.38,2705300,0.0,0.0
2024-07-17,90.6,91.06,81.77,84.85,4875800,0.0,0.0
2024-07-18,86.51,87.32,84.22,84.92,2187300,0.0,0.0
2024-07-19,85.16,85.49,83.89,84.19,1461400,0.0,0.0
2024-07-22,84.42,85.88,83.85,85.82,1174300,0.0,0.0
2024-07-23,85.67,86.56,85.01,85.14,1307400,0.0,0.0
2024-07-24,84.86,86.63,84.62,85.14,996600,0.0,0.0
2024-07-25,85.47,87.67,85.27,86.64,948400,0.0,0.0
2024-07-26,87.15,88.29,87.15,88.07,776700,0.0,0.0
2024-07-29,88.08,88.37,87.13,87.25,743000,0.0,0.0
2024-07-30,88.04,88.69,86.93,87.6,960000,0.0,0.0
2024-07-31,87.93,88.17,86.9,87.3,931900,0.0,0.0
2024-08-01,87.31,87.77,85.13,85.57,714900,0.0,0.0
2024-08-02,84.83,85.13,82.29,83.6,1366000,0.0,0.0
2024-08-05,81.55,82.16,79.58,81.23,1417500,0.0,0.0
2024-08-06,81.23,83.32,81.23,81.84,1248800,0.0,0.0
2024-08-07,83.12,84.41,81.52,81.68,1211700,0.0,0.0
2024-08-08,82.36,82.94,81.97,82.23,1151400,0.0,0.0
2024-08-09,82.16,83.18,82.16,83.01,975500,0.0,0.0
2024-08-12,83.08,83.46,81.09,81.26,1203500,0.0,0.0
2024-08-13,81.85,82.38,81.21,82.35,1205200,0.0,0.0
2024-08-14,82.6,83.98,82.19,83.52,965900,0.0,0.0
2024-08-15,84.35,85.36,84.35,84.92,941600,0.0,0.0
2024-08-16,84.61,85.94,84.61,85.88,909300,0.0,0.0
2024-08-19,86.23,86.59,85.72,85.86,893800,0.0,0.0
2024-08-20,85.56,85.64,84.74,84.77,1089500,0.0,0.0
2024-08-21,84.89,85.36,84.33,85.28,724100,0.0,0.0
2024-08-22,85.14,85.89,85.03,85.86,665600,0.0,0.0
2024-08-23,86.42,87.88,86.32,87.35,717900,0.0,0.0
2024-08-26,87.59,88.36,87.24,87.5,1033700,0.0,0.0
2024-08-27,87.67,88.01,87.07,87.55,1041200,0.0,0.0
2024-08-28,87.13,88.13,86.75,87.3,785900,0.0,0.0
2024-08-29,87.99,88.52,86.51,88.13,809500,0.0,0.0
2024-08-30,88.57,89.97,87.95,89.83,1697300,0.0,0.0
2024-09-03,89.05,89.88,88.18,88.65,1263700,0.0,0.0
2024-09-04,88.65,89.49,87.89,88.09,1169900,0.0,0.0
2024-09-05,88.63,88.85,87.69,88.3,797100,0.0,0.0
2024-09-06,88.41,89.47,85.63,86.06,1209700,0.75,0.0
2024-09-09,86.92,88.06,86.25,87.16,1173100,0.0,0.0
2024-09-10,87.09,88.06,85.24,87.86,1415100,0.0,0.0
2024-09-11,86.69,86.95,85.04,86.63,1497300,0.0,0.0
2024-09-12,87.01,87.51,85.62,86.85,1760600,0.0,0.0
2024-09-13,87.35,88.33,87.35,87.63,942900,0.0,0.0
2024-09-16,88.51,89.2,87.61,89.13,986000,0.0,0.0
2024-09-17,88.8,90.46,88.8,90.03,823600,0.0,0.0
2024-09-18,90.33,91.33,89.51,89.69,876500,0.0,0.0
2024-09-19,90.88,92.02,89.44,91.98,783600,0.0,0.0
2024-09-20,91.98,92.18,91.06,91.27,2671900,0.0,0.0
2024-09-23,91.97,92.15,90.72,90.88,964300,0.0,0.0
2024-09-24,90.88,91.46,90.36,90.78,839100,0.0,0.0
2024-09-25,91.04,91.11,89.83,90.17,1090100,0.0,0.0
2024-09-26,89.84,90.16,87.35,89.31,1553000,0.0,0.0
2024-09-27,89.86,90.62,89.2,89.45,1186500,0.0,0.0
2024-09-30,89.37,89.48,88.52,89.41,1017200,0.0,0.0
2024-10-01,89.29,89.3,87.32,88.11,1127000,0.0,0.0
2024-10-02,88.11,88.66,87.57,87.79,670700,0.0,0.0
2024-10-03,87.6,88.16,87.09,87.96,1525300,0.0,0.0
2024-10-04,89.28,89.91,88.87,89.84,929300,0.0,0.0
2024-10-07,89.76,90.27,89.19,89.58,865000,0.0,0.0
2024-10-08,89.66,90.64,89.26,90.43,893800,0.0,0.0
2024-10-09,90.62,91.36,90.25,90.9,1078700,0.0,0.0
2024-10-10,90.25,91.11,90.22,90.46,1162500,0.0,0.0
2024-10-11,90.98,92.86,90.57,91.54,946700,0.0,0.0
2024-10-14,91.46,93.47,91.05,93.41,1005100,0.0,0.0
2024-10-15,94.23,95.78,93.59,93.73,1112000,0.0,0.0
2024-10-16,93.95,96.41,93.95,95.98,1456000,0.0,0.0
2024-10-17,96.08,96.33,95.1,95.6,960900,0.0,0.0
2024-10-18,95.6,96.11,94.94,95.74,907700,0.0,0.0
2024-10-21,95.16,95.73,94.49,95.1,856800,0.0,0.0
2024-10-22,94.51,95.46,94.23,95.13,1346500,0.0,0.0
2024-10-23,100.26,103.53,98.75,101.81,3909100,0.0,0.0
2024-10-24,103.07,103.07,100.43,102.08,2102700,0.0,0.0
2024-10-25,102.84,102.91,99.38,99.5,1482300,0.0,0.0
2024-10-28,99.86,101.42,99.86,101.18,1079700,0.0,0.0
2024-10-29,100.94,102.69,100.94,101.62,1805800,0.0,0.0
2024-10-30,100.31,101.86,99.85,100.76,993300,0.0,0.0
2024-10-31,100.37,101.23,99.58,99.83,904600,0.0,0.0
2024-11-01,100.09,101.32,99.04,99.24,1072100,0.0,0.0
2024-11-04,99.1,100.0,98.39,99.55,761300,0.0,0.0
2024-11-05,99.2,101.17,99.2,100.65,802000,0.0,0.0
2024-11-06,106.92,107.78,104.36,105.84,2109500,0.0,0.0
2024-11-07,104.46,105.46,103.89,104.53,1046300,0.0,0.0
2024-11-08,104.62,105.01,103.79,104.46,791000,0.0,0.0
2024-11-11,105.59,106.98,105.55,106.02,798000,0.0,0.0
2024-11-12,105.45,106.82,105.45,106.22,1306500,0.0,0.0
2024-11-13,106.53,107.72,106.01,106.11,1191000,0.0,0.0
2024-11-14,105.95,106.47,104.92,105.23,1004200,0.0,0.0
2024-11-15,105.45,107.13,105.06,106.86,1955100,0.0,0.0
2024-11-18,106.86,108.79,106.7,108.18,1518300,0.0,0.0
2024-11-19,106.62,107.49,106.39,107.1,848700,0.0,0.0
2024-11-20,107.86,107.86,106.2,107.14,761500,0.0,0.0
2024-11-21,108.09,108.67,107.1,108.19,761500,0.0,0.0
2024-11-22,108.04,109.17,107.9,108.71,928400,0.0,0.0
2024-11-25,109.24,110.23,108.34,109.77,2603300,0.0,0.0
2024-11-26,109.96,110.43,109.1,109.99,958500,0.0,0.0
2024-11-27,110.13,110.8,109.52,109.83,592500,0.0,0.0
2024-11-29,110.14,111.1,109.88,110.4,621300,0.0,0.0
2024-12-02,110.54,110.71,109.05,109.14,987200,0.0,0.0
2024-12-03,110.18,110.59,108.52,108.59,1685500,0.0,0.0
2024-12-04,108.25,108.71,107.38,108.02,1147300,0.0,0.0
2024-12-05,108.02,109.84,108.0,109.19,1112400,0.0,0.0
2024-12-06,109.3,109.73,107.65,107.91,1633200,0.75,0.0
2024-12-09,108.8,110.16,108.38,108.59,1594300,0.0,0.0
2024-12-10,108.73,108.98,107.08,108.15,1132900,0.0,0.0
2024-12-11,109.12,109.41,104.47,105.15,2428900,0.0,0.0
2024-12-12,105.76,106.44,104.73,105.38,1567300,0.0,0.0
2024-12-13,105.0,105.54,104.11,104.98,1990700,0.0,0.0
2024-12-16,105.26,105.88,104.27,105.55,1455000,0.0,0.0
2024-12-17,105.29,106.04,104.4,104.7,1112800,0.0,0.0
2024-12-18,104.3,104.98,100.0,100.13,1267800,0.0,0.0
2024-12-19,101.08,102.26,100.26,100.51,1473000,0.0,0.0
2024-12-20,99.91,102.73,99.36,102.48,3497300,0.0,0.0
2024-12-23,101.75,102.69,101.25,102.58,673300,0.0,0.0
2024-12-24,102.9,103.93,102.3,103.61,323400,0.0,0.0
2024-12-26,103.37,104.87,103.0,104.66,619800,0.0,0.0
2024-12-27,103.91,105.0,103.37,103.83,641600,0.0,0.0
2024-12-30,102.36,103.34,101.69,102.73,952700,0.0,0.0
2024-12-31,103.13,103.34,101.94,102.5,818300,0.0,0.0
2025-01-02,103.5,104.45,102.54,102.98,936100,0.0,0.0
2025-01-03,103.33,103.47,101.97,103.27,900100,0.0,0.0
2025-01-06,103.81,104.72,102.91,103.2,969300,0.0,0.0
2025-01-07,103.08,103.68,101.76,102.75,858100,0.0,0.0
2025-01-08,102.56,102.87,100.81,102.22,1524600,0.0,0.0
2025-01-10,101.0,101.27,99.12,99.45,969100,0.0,0.0
2025-01-13,98.61,100.44,98.41,100.31,1092500,0.0,0.0
2025-01-14,100.43,101.94,100.22,101.62,1240300,0.0,0.0
2025-01-15,104.06,106.5,103.94,106.12,1627300,0.0,0.0
2025-01-16,105.7,106.7,105.23,106.48,890700,0.0,0.0
2025-01-17,106.84,107.43,105.8,106.87,913600,0.0,0.0
2025-01-21,107.43,108.0,106.91,107.75,998900,0.0,0.0
2025-01-22,107.26,107.75,106.48,107.38,1765000,0.0,0.0
2025-01-23,106.38,111.3,106.01,109.54,2482000,0.0,0.0
2025-01-24,109.19,111.69,108.04,110.91,1437800,0.0,0.0
2025-01-27,111.19,111.52,110.12,111.48,1135600,0.0,0.0
2025-01-28,111.18,113.12,111.02,112.41,1241600,0.0,0.0
2025-01-29,112.26,113.91,112.08,112.59,1211600,0.0,0.0
2025-01-30,113.44,114.2,112.19,112.73,957100,0.0,0.0
2025-01-31,112.73,113.3,112.12,112.29,1057400,0.0,0.0
2025-02-03,109.98,111.75,108.88,110.81,1213700,0.0,0.0
2025-02-04,110.69,111.9,110.69,111.37,979700,0.0,0.0
2025-02-05,111.9,113.58,111.19,113.22,1202700,0.0,0.0
2025-02-06,114.0,114.04,112.7,113.8,842200,0.0,0.0
2025-02-07,113.83,114.66,113.3,113.51,823000,0.0,0.0
2025-02-10,113.51,113.56,110.87,111.0,947200,0.0,0.0
2025-02-11,110.9,111.12,109.54,110.41,1809200,0.0,0.0
2025-02-12,109.41,110.18,108.59,110.09,1211500,0.0,0.0
2025-02-13,110.19,111.55,110.09,111.5,702300,0.0,0.0
2025-02-14,111.66,112.61,110.43,110.76,1440500,0.0,0.0
2025-02-18,111.16,114.22,111.16,113.8,1434000,0.0,0.0
2025-02-19,112.8,113.98,112.23,113.75,1193600,0.0,0.0
2025-02-20,114.04,114.19,111.75,113.52,1945600,0.0,0.0
2025-02-21,113.94,114.18,112.13,112.97,1006900,0.0,0.0
